  0.0000000000000000e+000
  3.3333333333333337e-001
  6.6666666666666674e-001
  1.0000000000000000e+000
  1.0018214936247722e+000
  1.0036429872495445e+000
  1.0054644808743169e+000
  1.0072859744990894e+000
  1.0091074681238617e+000
  1.0109289617486339e+000
  1.0127504553734061e+000
  1.0145719489981784e+000
  1.0163934426229508e+000
  1.0182149362477231e+000
  1.0200364298724955e+000
  1.0218579234972678e+000
  1.0236794171220400e+000
  1.0255009107468123e+000
  1.0273224043715847e+000
  1.0291438979963570e+000
  1.0309653916211294e+000
  1.0327868852459017e+000
  1.0346083788706739e+000
  1.0364298724954462e+000
  1.0382513661202186e+000
  1.0400728597449909e+000
  1.0418943533697633e+000
  1.0437158469945356e+000
  1.0455373406193078e+000
  1.0473588342440801e+000
  1.0491803278688525e+000
  1.0510018214936248e+000
  1.0528233151183972e+000
  1.0546448087431695e+000
  1.0564663023679417e+000
  1.0582877959927139e+000
  1.0601092896174862e+000
  1.0619307832422586e+000
  1.0637522768670311e+000
  1.0655737704918034e+000
  1.0673952641165756e+000
  1.0692167577413478e+000
  1.0710382513661201e+000
  1.0728597449908925e+000
  1.0746812386156650e+000
  1.0765027322404372e+000
  1.0783242258652095e+000
  1.0801457194899817e+000
  1.0819672131147540e+000
  1.0837887067395264e+000
  1.0856102003642987e+000
  1.0874316939890711e+000
  1.0892531876138434e+000
  1.0910746812386156e+000
  1.0928961748633879e+000
  1.0947176684881603e+000
  1.0965391621129326e+000
  1.0983606557377050e+000
  1.1001821493624773e+000
  1.1020036429872495e+000
  1.1038251366120218e+000
  1.1056466302367942e+000
  1.1074681238615665e+000
  1.1092896174863389e+000
  1.1111111111111112e+000
  1.1129326047358834e+000
  1.1147540983606556e+000
  1.1165755919854281e+000
  1.1183970856102003e+000
  1.1202185792349728e+000
  1.1220400728597451e+000
  1.1238615664845173e+000
  1.1256830601092895e+000
  1.1275045537340618e+000
  1.1293260473588342e+000
  1.1311475409836067e+000
  1.1329690346083789e+000
  1.1347905282331512e+000
  1.1366120218579234e+000
  1.1384335154826957e+000
  1.1402550091074681e+000
  1.1420765027322406e+000
  1.1438979963570128e+000
  1.1457194899817851e+000
  1.1475409836065573e+000
  1.1493624772313296e+000
  1.1511839708561020e+000
  1.1530054644808743e+000
  1.1548269581056467e+000
  1.1566484517304190e+000
  1.1584699453551912e+000
  1.1602914389799635e+000
  1.1621129326047359e+000
  1.1639344262295082e+000
  1.1657559198542806e+000
  1.1675774134790529e+000
  1.1693989071038251e+000
  1.1712204007285973e+000
  1.1730418943533698e+000
  1.1748633879781420e+000
  1.1766848816029145e+000
  1.1785063752276868e+000
  1.1803278688524590e+000
  1.1821493624772312e+000
  1.1839708561020035e+000
  1.1857923497267759e+000
  1.1876138433515484e+000
  1.1894353369763206e+000
  1.1912568306010929e+000
  1.1930783242258651e+000
  1.1948998178506374e+000
  1.1967213114754098e+000
  1.1985428051001823e+000
  1.2003642987249545e+000
  1.2021857923497268e+000
  1.2040072859744990e+000
  1.2058287795992713e+000
  1.2076502732240437e+000
  1.2094717668488162e+000
  1.2112932604735884e+000
  1.2131147540983607e+000
  1.2149362477231329e+000
  1.2167577413479052e+000
  1.2185792349726776e+000
  1.2204007285974499e+000
  1.2222222222222223e+000
  1.2240437158469946e+000
  1.2258652094717668e+000
  1.2276867030965390e+000
  1.2295081967213115e+000
  1.2313296903460837e+000
  1.2331511839708562e+000
  1.2349726775956285e+000
  1.2367941712204007e+000
  1.2386156648451729e+000
  1.2404371584699454e+000
  1.2422586520947176e+000
  1.2440801457194901e+000
  1.2459016393442623e+000
  1.2477231329690346e+000
  1.2495446265938068e+000
  1.2513661202185791e+000
  1.2531876138433515e+000
  1.2550091074681240e+000
  1.2568306010928962e+000
  1.2586520947176685e+000
  1.2604735883424407e+000
  1.2622950819672130e+000
  1.2641165755919854e+000
  1.2659380692167579e+000
  1.2677595628415301e+000
  1.2695810564663024e+000
  1.2714025500910746e+000
  1.2732240437158469e+000
  1.2750455373406193e+000
  1.2768670309653918e+000
  1.2786885245901640e+000
  1.2805100182149363e+000
  1.2823315118397085e+000
  1.2841530054644807e+000
  1.2859744990892532e+000
  1.2877959927140255e+000
  1.2896174863387979e+000
  1.2914389799635702e+000
  1.2932604735883424e+000
  1.2950819672131146e+000
  1.2969034608378871e+000
  1.2987249544626593e+000
  1.3005464480874318e+000
  1.3023679417122040e+000
  1.3041894353369763e+000
  1.3060109289617485e+000
  1.3078324225865210e+000
  1.3096539162112932e+000
  1.3114754098360657e+000
  1.3132969034608379e+000
  1.3151183970856102e+000
  1.3169398907103824e+000
  1.3187613843351547e+000
  1.3205828779599271e+000
  1.3224043715846996e+000
  1.3242258652094718e+000
  1.3260473588342441e+000
  1.3278688524590163e+000
  1.3296903460837886e+000
  1.3315118397085610e+000
  1.3333333333333335e+000
  1.3351548269581057e+000
  1.3369763205828780e+000
  1.3387978142076502e+000
  1.3406193078324224e+000
  1.3424408014571949e+000
  1.3442622950819674e+000
  1.3460837887067396e+000
  1.3479052823315119e+000
  1.3497267759562841e+000
  1.3515482695810563e+000
  1.3533697632058288e+000
  1.3551912568306010e+000
  1.3570127504553735e+000
  1.3588342440801457e+000
  1.3606557377049180e+000
  1.3624772313296902e+000
  1.3642987249544627e+000
  1.3661202185792349e+000
  1.3679417122040074e+000
  1.3697632058287796e+000
  1.3715846994535519e+000
  1.3734061930783241e+000
  1.3752276867030966e+000
  1.3770491803278688e+000
  1.3788706739526413e+000
  1.3806921675774135e+000
  1.3825136612021858e+000
  1.3843351548269580e+000
  1.3861566484517303e+000
  1.3879781420765027e+000
  1.3897996357012752e+000
  1.3916211293260474e+000
  1.3934426229508197e+000
  1.3952641165755919e+000
  1.3970856102003641e+000
  1.3989071038251366e+000
  1.4007285974499091e+000
  1.4025500910746813e+000
  1.4043715846994536e+000
  1.4061930783242258e+000
  1.4080145719489980e+000
  1.4098360655737705e+000
  1.4116575591985430e+000
  1.4134790528233152e+000
  1.4153005464480874e+000
  1.4171220400728597e+000
  1.4189435336976319e+000
  1.4207650273224044e+000
  1.4225865209471766e+000
  1.4244080145719491e+000
  1.4262295081967213e+000
  1.4280510018214936e+000
  1.4298724954462658e+000
  1.4316939890710383e+000
  1.4335154826958105e+000
  1.4353369763205830e+000
  1.4371584699453552e+000
  1.4389799635701275e+000
  1.4408014571948997e+000
  1.4426229508196722e+000
  1.4444444444444444e+000
  1.4462659380692169e+000
  1.4480874316939891e+000
  1.4499089253187614e+000
  1.4517304189435336e+000
  1.4535519125683058e+000
  1.4553734061930783e+000
  1.4571948998178508e+000
  1.4590163934426230e+000
  1.4608378870673953e+000
  1.4626593806921675e+000
  1.4644808743169397e+000
  1.4663023679417122e+000
  1.4681238615664847e+000
  1.4699453551912569e+000
  1.4717668488160291e+000
  1.4735883424408014e+000
  1.4754098360655736e+000
  1.4772313296903461e+000
  1.4790528233151186e+000
  1.4808743169398908e+000
  1.4826958105646630e+000
  1.4845173041894353e+000
  1.4863387978142075e+000
  1.4881602914389800e+000
  1.4899817850637522e+000
  1.4918032786885247e+000
  1.4936247723132969e+000
  1.4954462659380692e+000
  1.4972677595628414e+000
  1.4990892531876139e+000
  1.5009107468123861e+000
  1.5027322404371586e+000
  1.5045537340619308e+000
  1.5063752276867031e+000
  1.5081967213114753e+000
  1.5100182149362478e+000
  1.5118397085610200e+000
  1.5136612021857925e+000
  1.5154826958105647e+000
  1.5173041894353370e+000
  1.5191256830601092e+000
  1.5209471766848817e+000
  1.5227686703096539e+000
  1.5245901639344264e+000
  1.5264116575591986e+000
  1.5282331511839709e+000
  1.5300546448087431e+000
  1.5318761384335156e+000
  1.5336976320582878e+000
  1.5355191256830600e+000
  1.5373406193078325e+000
  1.5391621129326047e+000
  1.5409836065573770e+000
  1.5428051001821492e+000
  1.5446265938069217e+000
  1.5464480874316939e+000
  1.5482695810564664e+000
  1.5500910746812386e+000
  1.5519125683060109e+000
  1.5537340619307831e+000
  1.5555555555555556e+000
  1.5573770491803278e+000
  1.5591985428051003e+000
  1.5610200364298725e+000
  1.5628415300546448e+000
  1.5646630236794170e+000
  1.5664845173041895e+000
  1.5683060109289617e+000
  1.5701275045537342e+000
  1.5719489981785064e+000
  1.5737704918032787e+000
  1.5755919854280509e+000
  1.5774134790528234e+000
  1.5792349726775956e+000
  1.5810564663023681e+000
  1.5828779599271403e+000
  1.5846994535519126e+000
  1.5865209471766848e+000
  1.5883424408014573e+000
  1.5901639344262295e+000
  1.5919854280510017e+000
  1.5938069216757742e+000
  1.5956284153005464e+000
  1.5974499089253187e+000
  1.5992714025500911e+000
  1.6010928961748634e+000
  1.6029143897996356e+000
  1.6047358834244081e+000
  1.6065573770491803e+000
  1.6083788706739526e+000
  1.6102003642987248e+000
  1.6120218579234973e+000
  1.6138433515482695e+000
  1.6156648451730420e+000
  1.6174863387978142e+000
  1.6193078324225865e+000
  1.6211293260473587e+000
  1.6229508196721312e+000
  1.6247723132969034e+000
  1.6265938069216759e+000
  1.6284153005464481e+000
  1.6302367941712204e+000
  1.6320582877959926e+000
  1.6338797814207651e+000
  1.6357012750455373e+000
  1.6375227686703098e+000
  1.6393442622950820e+000
  1.6411657559198543e+000
  1.6429872495446265e+000
  1.6448087431693990e+000
  1.6466302367941712e+000
  1.6484517304189437e+000
  1.6502732240437159e+000
  1.6520947176684881e+000
  1.6539162112932604e+000
  1.6557377049180328e+000
  1.6575591985428051e+000
  1.6593806921675773e+000
  1.6612021857923498e+000
  1.6630236794171220e+000
  1.6648451730418943e+000
  1.6666666666666667e+000
  1.6684881602914390e+000
  1.6703096539162112e+000
  1.6721311475409837e+000
  1.6739526411657559e+000
  1.6757741347905282e+000
  1.6775956284153004e+000
  1.6794171220400729e+000
  1.6812386156648451e+000
  1.6830601092896176e+000
  1.6848816029143898e+000
  1.6867030965391621e+000
  1.6885245901639343e+000
  1.6903460837887068e+000
  1.6921675774134790e+000
  1.6939890710382515e+000
  1.6958105646630237e+000
  1.6976320582877960e+000
  1.6994535519125682e+000
  1.7012750455373407e+000
  1.7030965391621129e+000
  1.7049180327868854e+000
  1.7067395264116576e+000
  1.7085610200364298e+000
  1.7103825136612021e+000
  1.7122040072859745e+000
  1.7140255009107468e+000
  1.7158469945355193e+000
  1.7176684881602915e+000
  1.7194899817850637e+000
  1.7213114754098360e+000
  1.7231329690346084e+000
  1.7249544626593807e+000
  1.7267759562841529e+000
  1.7285974499089254e+000
  1.7304189435336976e+000
  1.7322404371584699e+000
  1.7340619307832423e+000
  1.7358834244080146e+000
  1.7377049180327868e+000
  1.7395264116575593e+000
  1.7413479052823315e+000
  1.7431693989071038e+000
  1.7449908925318760e+000
  1.7468123861566485e+000
  1.7486338797814207e+000
  1.7504553734061932e+000
  1.7522768670309654e+000
  1.7540983606557377e+000
  1.7559198542805099e+000
  1.7577413479052824e+000
  1.7595628415300546e+000
  1.7613843351548271e+000
  1.7632058287795993e+000
  1.7650273224043715e+000
  1.7668488160291438e+000
  1.7686703096539163e+000
  1.7704918032786885e+000
  1.7723132969034610e+000
  1.7741347905282332e+000
  1.7759562841530054e+000
  1.7777777777777777e+000
  1.7795992714025501e+000
  1.7814207650273224e+000
  1.7832422586520946e+000
  1.7850637522768671e+000
  1.7868852459016393e+000
  1.7887067395264116e+000
  1.7905282331511840e+000
  1.7923497267759563e+000
  1.7941712204007285e+000
  1.7959927140255010e+000
  1.7978142076502732e+000
  1.7996357012750455e+000
  1.8014571948998179e+000
  1.8032786885245902e+000
  1.8051001821493624e+000
  1.8069216757741349e+000
  1.8087431693989071e+000
  1.8105646630236794e+000
  1.8123861566484518e+000
  1.8142076502732241e+000
  1.8160291438979963e+000
  1.8178506375227688e+000
  1.8196721311475410e+000
  1.8214936247723132e+000
  1.8233151183970855e+000
  1.8251366120218580e+000
  1.8269581056466302e+000
  1.8287795992714027e+000
  1.8306010928961749e+000
  1.8324225865209471e+000
  1.8342440801457194e+000
  1.8360655737704918e+000
  1.8378870673952641e+000
  1.8397085610200365e+000
  1.8415300546448088e+000
  1.8433515482695810e+000
  1.8451730418943533e+000
  1.8469945355191257e+000
  1.8488160291438980e+000
  1.8506375227686702e+000
  1.8524590163934427e+000
  1.8542805100182149e+000
  1.8561020036429872e+000
  1.8579234972677596e+000
  1.8597449908925319e+000
  1.8615664845173041e+000
  1.8633879781420766e+000
  1.8652094717668488e+000
  1.8670309653916211e+000
  1.8688524590163935e+000
  1.8706739526411658e+000
  1.8724954462659380e+000
  1.8743169398907105e+000
  1.8761384335154827e+000
  1.8779599271402549e+000
  1.8797814207650274e+000
  1.8816029143897997e+000
  1.8834244080145719e+000
  1.8852459016393444e+000
  1.8870673952641166e+000
  1.8888888888888888e+000
  1.8907103825136613e+000
  1.8925318761384335e+000
  1.8943533697632058e+000
  1.8961748633879782e+000
  1.8979963570127505e+000
  1.8998178506375227e+000
  1.9016393442622950e+000
  1.9034608378870674e+000
  1.9052823315118397e+000
  1.9071038251366119e+000
  1.9089253187613844e+000
  1.9107468123861566e+000
  1.9125683060109289e+000
  1.9143897996357013e+000
  1.9162112932604736e+000
  1.9180327868852458e+000
  1.9198542805100183e+000
  1.9216757741347905e+000
  1.9234972677595628e+000
  1.9253187613843352e+000
  1.9271402550091075e+000
  1.9289617486338797e+000
  1.9307832422586522e+000
  1.9326047358834244e+000
  1.9344262295081966e+000
  1.9362477231329691e+000
  1.9380692167577414e+000
  1.9398907103825136e+000
  1.9417122040072861e+000
  1.9435336976320583e+000
  1.9453551912568305e+000
  1.9471766848816030e+000
  1.9489981785063752e+000
  1.9508196721311475e+000
  1.9526411657559199e+000
  1.9544626593806922e+000
  1.9562841530054644e+000
  1.9581056466302369e+000
  1.9599271402550091e+000
  1.9617486338797814e+000
  1.9635701275045538e+000
  1.9653916211293261e+000
  1.9672131147540983e+000
  1.9690346083788706e+000
  1.9708561020036430e+000
  1.9726775956284153e+000
  1.9744990892531875e+000
  1.9763205828779600e+000
  1.9781420765027322e+000
  1.9799635701275045e+000
  1.9817850637522769e+000
  1.9836065573770492e+000
  1.9854280510018214e+000
  1.9872495446265939e+000
  1.9890710382513661e+000
  1.9908925318761383e+000
  1.9927140255009108e+000
  1.9945355191256831e+000
  1.9963570127504553e+000
  1.9981785063752278e+000
  2.0000000000000000e+000
  2.0056179775280900e+000
  2.0112359550561800e+000
  2.0168539325842696e+000
  2.0224719101123596e+000
  2.0280898876404496e+000
  2.0337078651685392e+000
  2.0393258426966292e+000
  2.0449438202247192e+000
  2.0505617977528088e+000
  2.0561797752808988e+000
  2.0617977528089888e+000
  2.0674157303370788e+000
  2.0730337078651684e+000
  2.0786516853932584e+000
  2.0842696629213484e+000
  2.0898876404494384e+000
  2.0955056179775280e+000
  2.1011235955056180e+000
  2.1067415730337080e+000
  2.1123595505617976e+000
  2.1179775280898876e+000
  2.1235955056179776e+000
  2.1292134831460672e+000
  2.1348314606741572e+000
  2.1404494382022472e+000
  2.1460674157303372e+000
  2.1516853932584272e+000
  2.1573033707865168e+000
  2.1629213483146068e+000
  2.1685393258426968e+000
  2.1741573033707864e+000
  2.1797752808988764e+000
  2.1853932584269664e+000
  2.1910112359550560e+000
  2.1966292134831460e+000
  2.2022471910112360e+000
  2.2078651685393256e+000
  2.2134831460674156e+000
  2.2191011235955056e+000
  2.2247191011235956e+000
  2.2303370786516856e+000
  2.2359550561797752e+000
  2.2415730337078652e+000
  2.2471910112359552e+000
  2.2528089887640448e+000
  2.2584269662921348e+000
  2.2640449438202248e+000
  2.2696629213483144e+000
  2.2752808988764044e+000
  2.2808988764044944e+000
  2.2865168539325844e+000
  2.2921348314606744e+000
  2.2977528089887640e+000
  2.3033707865168540e+000
  2.3089887640449440e+000
  2.3146067415730336e+000
  2.3202247191011236e+000
  2.3258426966292136e+000
  2.3314606741573032e+000
  2.3370786516853932e+000
  2.3426966292134832e+000
  2.3483146067415728e+000
  2.3539325842696628e+000
  2.3595505617977528e+000
  2.3651685393258428e+000
  2.3707865168539328e+000
  2.3764044943820224e+000
  2.3820224719101124e+000
  2.3876404494382024e+000
  2.3932584269662920e+000
  2.3988764044943820e+000
  2.4044943820224720e+000
  2.4101123595505616e+000
  2.4157303370786516e+000
  2.4213483146067416e+000
  2.4269662921348316e+000
  2.4325842696629212e+000
  2.4382022471910112e+000
  2.4438202247191012e+000
  2.4494382022471912e+000
  2.4550561797752808e+000
  2.4606741573033708e+000
  2.4662921348314608e+000
  2.4719101123595504e+000
  2.4775280898876404e+000
  2.4831460674157304e+000
  2.4887640449438200e+000
  2.4943820224719100e+000
  2.5000000000000000e+000
  2.5056179775280900e+000
  2.5112359550561800e+000
  2.5168539325842696e+000
  2.5224719101123596e+000
  2.5280898876404496e+000
  2.5337078651685392e+000
  2.5393258426966292e+000
  2.5449438202247192e+000
  2.5505617977528088e+000
  2.5561797752808988e+000
  2.5617977528089888e+000
  2.5674157303370788e+000
  2.5730337078651684e+000
  2.5786516853932584e+000
  2.5842696629213484e+000
  2.5898876404494384e+000
  2.5955056179775280e+000
  2.6011235955056180e+000
  2.6067415730337080e+000
  2.6123595505617976e+000
  2.6179775280898876e+000
  2.6235955056179776e+000
  2.6292134831460672e+000
  2.6348314606741572e+000
  2.6404494382022472e+000
  2.6460674157303372e+000
  2.6516853932584268e+000
  2.6573033707865168e+000
  2.6629213483146068e+000
  2.6685393258426968e+000
  2.6741573033707864e+000
  2.6797752808988764e+000
  2.6853932584269664e+000
  2.6910112359550560e+000
  2.6966292134831460e+000
  2.7022471910112360e+000
  2.7078651685393260e+000
  2.7134831460674156e+000
  2.7191011235955056e+000
  2.7247191011235956e+000
  2.7303370786516856e+000
  2.7359550561797752e+000
  2.7415730337078652e+000
  2.7471910112359552e+000
  2.7528089887640448e+000
  2.7584269662921348e+000
  2.7640449438202248e+000
  2.7696629213483144e+000
  2.7752808988764044e+000
  2.7808988764044944e+000
  2.7865168539325844e+000
  2.7921348314606740e+000
  2.7977528089887640e+000
  2.8033707865168540e+000
  2.8089887640449440e+000
  2.8146067415730336e+000
  2.8202247191011236e+000
  2.8258426966292136e+000
  2.8314606741573032e+000
  2.8370786516853932e+000
  2.8426966292134832e+000
  2.8483146067415732e+000
  2.8539325842696628e+000
  2.8595505617977528e+000
  2.8651685393258428e+000
  2.8707865168539324e+000
  2.8764044943820224e+000
  2.8820224719101124e+000
  2.8876404494382024e+000
  2.8932584269662920e+000
  2.8988764044943820e+000
  2.9044943820224720e+000
  2.9101123595505616e+000
  2.9157303370786516e+000
  2.9213483146067416e+000
  2.9269662921348316e+000
  2.9325842696629212e+000
  2.9382022471910112e+000
  2.9438202247191012e+000
  2.9494382022471912e+000
  2.9550561797752808e+000
  2.9606741573033708e+000
  2.9662921348314608e+000
  2.9719101123595504e+000
  2.9775280898876404e+000
  2.9831460674157304e+000
  2.9887640449438204e+000
  2.9943820224719100e+000
  3.0000000000000000e+000
  3.0135135135135136e+000
  3.0270270270270272e+000
  3.0405405405405403e+000
  3.0540540540540539e+000
  3.0675675675675675e+000
  3.0810810810810811e+000
  3.0945945945945947e+000
  3.1081081081081079e+000
  3.1216216216216215e+000
  3.1351351351351351e+000
  3.1486486486486487e+000
  3.1621621621621623e+000
  3.1756756756756754e+000
  3.1891891891891890e+000
  3.2027027027027026e+000
  3.2162162162162162e+000
  3.2297297297297298e+000
  3.2432432432432430e+000
  3.2567567567567570e+000
  3.2702702702702702e+000
  3.2837837837837838e+000
  3.2972972972972974e+000
  3.3108108108108110e+000
  3.3243243243243246e+000
  3.3378378378378377e+000
  3.3513513513513513e+000
  3.3648648648648649e+000
  3.3783783783783785e+000
  3.3918918918918921e+000
  3.4054054054054053e+000
  3.4189189189189189e+000
  3.4324324324324325e+000
  3.4459459459459461e+000
  3.4594594594594597e+000
  3.4729729729729728e+000
  3.4864864864864864e+000
  3.5000000000000000e+000
  3.5135135135135136e+000
  3.5270270270270272e+000
  3.5405405405405403e+000
  3.5540540540540539e+000
  3.5675675675675675e+000
  3.5810810810810811e+000
  3.5945945945945947e+000
  3.6081081081081079e+000
  3.6216216216216215e+000
  3.6351351351351351e+000
  3.6486486486486487e+000
  3.6621621621621623e+000
  3.6756756756756754e+000
  3.6891891891891890e+000
  3.7027027027027026e+000
  3.7162162162162162e+000
  3.7297297297297298e+000
  3.7432432432432434e+000
  3.7567567567567566e+000
  3.7702702702702702e+000
  3.7837837837837838e+000
  3.7972972972972974e+000
  3.8108108108108110e+000
  3.8243243243243241e+000
  3.8378378378378377e+000
  3.8513513513513513e+000
  3.8648648648648649e+000
  3.8783783783783785e+000
  3.8918918918918921e+000
  3.9054054054054053e+000
  3.9189189189189189e+000
  3.9324324324324325e+000
  3.9459459459459461e+000
  3.9594594594594597e+000
  3.9729729729729728e+000
  3.9864864864864864e+000
  4.0000000000000000e+000
  4.0277777777777777e+000
  4.0555555555555554e+000
  4.0833333333333330e+000
  4.1111111111111107e+000
  4.1388888888888893e+000
  4.1666666666666670e+000
  4.1944444444444446e+000
  4.2222222222222223e+000
  4.2500000000000000e+000
  4.2777777777777777e+000
  4.3055555555555554e+000
  4.3333333333333330e+000
  4.3611111111111107e+000
  4.3888888888888893e+000
  4.4166666666666670e+000
  4.4444444444444446e+000
  4.4722222222222223e+000
  4.5000000000000000e+000
  4.5277777777777777e+000
  4.5555555555555554e+000
  4.5833333333333330e+000
  4.6111111111111107e+000
  4.6388888888888893e+000
  4.6666666666666670e+000
  4.6944444444444446e+000
  4.7222222222222223e+000
  4.7500000000000000e+000
  4.7777777777777777e+000
  4.8055555555555554e+000
  4.8333333333333330e+000
  4.8611111111111107e+000
  4.8888888888888893e+000
  4.9166666666666670e+000
  4.9444444444444446e+000
  4.9722222222222223e+000
  5.0000000000000000e+000
  5.0434782608695654e+000
  5.0869565217391308e+000
  5.1304347826086953e+000
  5.1739130434782608e+000
  5.2173913043478262e+000
  5.2608695652173916e+000
  5.3043478260869570e+000
  5.3478260869565215e+000
  5.3913043478260869e+000
  5.4347826086956523e+000
  5.4782608695652177e+000
  5.5217391304347823e+000
  5.5652173913043477e+000
  5.6086956521739131e+000
  5.6521739130434785e+000
  5.6956521739130430e+000
  5.7391304347826084e+000
  5.7826086956521738e+000
  5.8260869565217392e+000
  5.8695652173913047e+000
  5.9130434782608692e+000
  5.9565217391304346e+000
  6.0000000000000000e+000
  6.0625000000000000e+000
  6.1250000000000000e+000
  6.1875000000000000e+000
  6.2500000000000000e+000
  6.3125000000000000e+000
  6.3750000000000000e+000
  6.4375000000000000e+000
  6.5000000000000000e+000
  6.5625000000000000e+000
  6.6250000000000000e+000
  6.6875000000000000e+000
  6.7500000000000000e+000
  6.8125000000000000e+000
  6.8750000000000000e+000
  6.9375000000000000e+000
  7.0000000000000000e+000
  7.1111111111111107e+000
  7.2222222222222223e+000
  7.3333333333333330e+000
  7.4444444444444446e+000
  7.5555555555555554e+000
  7.6666666666666670e+000
  7.7777777777777777e+000
  7.8888888888888893e+000
  8.0000000000000000e+000
  8.2500000000000000e+000
  8.5000000000000000e+000
  8.7500000000000000e+000
  9.0000000000000000e+000
  9.1999999999999993e+000
  9.4000000000000004e+000
  9.5999999999999996e+000
  9.8000000000000007e+000
  1.0000000000000000e+001
  1.0333333333333334e+001
  1.0666666666666666e+001
  1.1000000000000000e+001
  1.1333333333333334e+001
  1.1666666666666666e+001
  1.2000000000000000e+001
  1.3000000000000000e+001
  1.5333333333333334e+001
  1.7666666666666668e+001
  2.0000000000000000e+001
