  2.0000000000000000e+001
  1.9941544885177453e+001
  1.9883089770354907e+001
  1.9824634655532360e+001
  1.9766179540709810e+001
  1.9707724425887264e+001
  1.9649269311064717e+001
  1.9590814196242171e+001
  1.9532359081419624e+001
  1.9473903966597078e+001
  1.9415448851774531e+001
  1.9356993736951985e+001
  1.9298538622129435e+001
  1.9240083507306888e+001
  1.9181628392484342e+001
  1.9123173277661795e+001
  1.9064718162839249e+001
  1.9006263048016702e+001
  1.8947807933194156e+001
  1.8889352818371606e+001
  1.8830897703549059e+001
  1.8772442588726513e+001
  1.8713987473903966e+001
  1.8655532359081420e+001
  1.8597077244258873e+001
  1.8538622129436327e+001
  1.8480167014613780e+001
  1.8421711899791230e+001
  1.8363256784968684e+001
  1.8304801670146137e+001
  1.8246346555323591e+001
  1.8187891440501044e+001
  1.8129436325678498e+001
  1.8070981210855951e+001
  1.8012526096033405e+001
  1.7954070981210855e+001
  1.7895615866388308e+001
  1.7837160751565762e+001
  1.7778705636743215e+001
  1.7720250521920669e+001
  1.7661795407098122e+001
  1.7603340292275576e+001
  1.7544885177453025e+001
  1.7486430062630479e+001
  1.7427974947807932e+001
  1.7369519832985386e+001
  1.7311064718162839e+001
  1.7252609603340293e+001
  1.7194154488517746e+001
  1.7135699373695196e+001
  1.7077244258872653e+001
  1.7018789144050103e+001
  1.6960334029227557e+001
  1.6901878914405010e+001
  1.6843423799582464e+001
  1.6784968684759917e+001
  1.6726513569937371e+001
  1.6668058455114824e+001
  1.6609603340292274e+001
  1.6551148225469728e+001
  1.6492693110647181e+001
  1.6434237995824635e+001
  1.6375782881002088e+001
  1.6317327766179542e+001
  1.6258872651356995e+001
  1.6200417536534445e+001
  1.6141962421711899e+001
  1.6083507306889352e+001
  1.6025052192066806e+001
  1.5966597077244259e+001
  1.5908141962421713e+001
  1.5849686847599164e+001
  1.5791231732776618e+001
  1.5732776617954071e+001
  1.5674321503131525e+001
  1.5615866388308977e+001
  1.5557411273486430e+001
  1.5498956158663884e+001
  1.5440501043841337e+001
  1.5382045929018791e+001
  1.5323590814196242e+001
  1.5265135699373694e+001
  1.5206680584551147e+001
  1.5148225469728601e+001
  1.5089770354906054e+001
  1.5031315240083508e+001
  1.4972860125260960e+001
  1.4914405010438413e+001
  1.4855949895615867e+001
  1.4797494780793318e+001
  1.4739039665970772e+001
  1.4680584551148225e+001
  1.4622129436325679e+001
  1.4563674321503132e+001
  1.4505219206680584e+001
  1.4446764091858038e+001
  1.4388308977035489e+001
  1.4329853862212943e+001
  1.4271398747390396e+001
  1.4212943632567850e+001
  1.4154488517745303e+001
  1.4096033402922757e+001
  1.4037578288100210e+001
  1.3979123173277662e+001
  1.3920668058455114e+001
  1.3862212943632567e+001
  1.3803757828810021e+001
  1.3745302713987474e+001
  1.3686847599164928e+001
  1.3628392484342379e+001
  1.3569937369519833e+001
  1.3511482254697285e+001
  1.3453027139874738e+001
  1.3394572025052192e+001
  1.3336116910229645e+001
  1.3277661795407099e+001
  1.3219206680584552e+001
  1.3160751565762006e+001
  1.3102296450939457e+001
  1.3043841336116909e+001
  1.2894736842105264e+001
  1.2473684210526315e+001
  1.2052631578947368e+001
  1.1666666666666666e+001
  1.1285714285714286e+001
  1.0913043478260869e+001
  1.0565217391304348e+001
  1.0217391304347826e+001
  9.9387755102040813e+000
  9.7755102040816322e+000
  9.6122448979591830e+000
  9.4489795918367356e+000
  9.2857142857142865e+000
  9.1224489795918373e+000
  8.9661016949152543e+000
  8.8305084745762716e+000
  8.6949152542372889e+000
  8.5593220338983045e+000
  8.4237288135593218e+000
  8.2881355932203391e+000
  8.1525423728813564e+000
  8.0169491525423737e+000
  7.9255319148936172e+000
  7.8404255319148932e+000
  7.7553191489361701e+000
  7.6702127659574471e+000
  7.5851063829787231e+000
  7.5000000000000000e+000
  7.4148936170212769e+000
  7.3297872340425529e+000
  7.2446808510638299e+000
  7.1595744680851059e+000
  7.0744680851063828e+000
  6.9940476190476186e+000
  6.9464285714285712e+000
  6.8988095238095237e+000
  6.8511904761904763e+000
  6.8035714285714288e+000
  6.7559523809523814e+000
  6.7083333333333330e+000
  6.6607142857142856e+000
  6.6130952380952381e+000
  6.5654761904761907e+000
  6.5178571428571432e+000
  6.4702380952380949e+000
  6.4226190476190474e+000
  6.3750000000000000e+000
  6.3273809523809526e+000
  6.2797619047619051e+000
  6.2321428571428568e+000
  6.1845238095238093e+000
  6.1369047619047619e+000
  6.0892857142857144e+000
  6.0416666666666670e+000
  5.9962962962962960e+000
  5.9666666666666668e+000
  5.9370370370370367e+000
  5.9074074074074074e+000
  5.8777777777777782e+000
  5.8481481481481481e+000
  5.8185185185185189e+000
  5.7888888888888888e+000
  5.7592592592592595e+000
  5.7296296296296294e+000
  5.7000000000000002e+000
  5.6703703703703701e+000
  5.6407407407407408e+000
  5.6111111111111107e+000
  5.5814814814814815e+000
  5.5518518518518523e+000
  5.5222222222222221e+000
  5.4925925925925929e+000
  5.4629629629629628e+000
  5.4333333333333336e+000
  5.4037037037037035e+000
  5.3740740740740742e+000
  5.3444444444444441e+000
  5.3148148148148149e+000
  5.2851851851851848e+000
  5.2555555555555555e+000
  5.2259259259259263e+000
  5.1962962962962962e+000
  5.1666666666666670e+000
  5.1370370370370368e+000
  5.1074074074074076e+000
  5.0777777777777775e+000
  5.0481481481481483e+000
  5.0185185185185182e+000
  4.9929245283018870e+000
  4.9740566037735849e+000
  4.9551886792452828e+000
  4.9363207547169807e+000
  4.9174528301886795e+000
  4.8985849056603774e+000
  4.8797169811320753e+000
  4.8608490566037732e+000
  4.8419811320754720e+000
  4.8231132075471699e+000
  4.8042452830188678e+000
  4.7853773584905657e+000
  4.7665094339622645e+000
  4.7476415094339623e+000
  4.7287735849056602e+000
  4.7099056603773581e+000
  4.6910377358490569e+000
  4.6721698113207548e+000
  4.6533018867924527e+000
  4.6344339622641506e+000
  4.6155660377358494e+000
  4.5966981132075473e+000
  4.5778301886792452e+000
  4.5589622641509431e+000
  4.5400943396226419e+000
  4.5212264150943398e+000
  4.5023584905660377e+000
  4.4834905660377355e+000
  4.4646226415094343e+000
  4.4457547169811322e+000
  4.4268867924528301e+000
  4.4080188679245280e+000
  4.3891509433962268e+000
  4.3702830188679247e+000
  4.3514150943396226e+000
  4.3325471698113205e+000
  4.3136792452830193e+000
  4.2948113207547172e+000
  4.2759433962264151e+000
  4.2570754716981130e+000
  4.2382075471698109e+000
  4.2193396226415096e+000
  4.2004716981132075e+000
  4.1816037735849054e+000
  4.1627358490566042e+000
  4.1438679245283021e+000
  4.1250000000000000e+000
  4.1061320754716979e+000
  4.0872641509433958e+000
  4.0683962264150946e+000
  4.0495283018867925e+000
  4.0306603773584904e+000
  4.0117924528301891e+000
  3.9963942307692308e+000
  3.9867788461538463e+000
  3.9771634615384617e+000
  3.9675480769230771e+000
  3.9579326923076925e+000
  3.9483173076923075e+000
  3.9387019230769229e+000
  3.9290865384615383e+000
  3.9194711538461537e+000
  3.9098557692307692e+000
  3.9002403846153846e+000
  3.8906250000000000e+000
  3.8810096153846154e+000
  3.8713942307692308e+000
  3.8617788461538463e+000
  3.8521634615384617e+000
  3.8425480769230771e+000
  3.8329326923076925e+000
  3.8233173076923075e+000
  3.8137019230769229e+000
  3.8040865384615383e+000
  3.7944711538461537e+000
  3.7848557692307692e+000
  3.7752403846153846e+000
  3.7656250000000000e+000
  3.7560096153846154e+000
  3.7463942307692308e+000
  3.7367788461538463e+000
  3.7271634615384617e+000
  3.7175480769230771e+000
  3.7079326923076925e+000
  3.6983173076923075e+000
  3.6887019230769229e+000
  3.6790865384615383e+000
  3.6694711538461537e+000
  3.6598557692307692e+000
  3.6502403846153846e+000
  3.6406250000000000e+000
  3.6310096153846154e+000
  3.6213942307692308e+000
  3.6117788461538463e+000
  3.6021634615384617e+000
  3.5925480769230771e+000
  3.5829326923076925e+000
  3.5733173076923075e+000
  3.5637019230769229e+000
  3.5540865384615383e+000
  3.5444711538461537e+000
  3.5348557692307692e+000
  3.5252403846153846e+000
  3.5156250000000000e+000
  3.5060096153846154e+000
  3.4963942307692308e+000
  3.4867788461538463e+000
  3.4771634615384617e+000
  3.4675480769230766e+000
  3.4579326923076925e+000
  3.4483173076923075e+000
  3.4387019230769234e+000
  3.4290865384615383e+000
  3.4194711538461537e+000
  3.4098557692307692e+000
  3.4002403846153846e+000
  3.3906250000000000e+000
  3.3810096153846154e+000
  3.3713942307692308e+000
  3.3617788461538463e+000
  3.3521634615384617e+000
  3.3425480769230766e+000
  3.3329326923076925e+000
  3.3233173076923075e+000
  3.3137019230769234e+000
  3.3040865384615383e+000
  3.2944711538461537e+000
  3.2848557692307692e+000
  3.2752403846153846e+000
  3.2656250000000000e+000
  3.2560096153846154e+000
  3.2463942307692308e+000
  3.2367788461538463e+000
  3.2271634615384617e+000
  3.2175480769230766e+000
  3.2079326923076925e+000
  3.1983173076923075e+000
  3.1887019230769234e+000
  3.1790865384615383e+000
  3.1694711538461537e+000
  3.1598557692307692e+000
  3.1502403846153846e+000
  3.1406250000000000e+000
  3.1310096153846154e+000
  3.1213942307692308e+000
  3.1117788461538463e+000
  3.1021634615384617e+000
  3.0925480769230766e+000
  3.0829326923076925e+000
  3.0733173076923075e+000
  3.0637019230769234e+000
  3.0540865384615383e+000
  3.0444711538461537e+000
  3.0348557692307692e+000
  3.0252403846153846e+000
  3.0156250000000000e+000
  3.0060096153846154e+000
  2.9985199802664035e+000
  2.9945732609768130e+000
  2.9906265416872224e+000
  2.9866798223976319e+000
  2.9827331031080413e+000
  2.9787863838184507e+000
  2.9748396645288602e+000
  2.9708929452392701e+000
  2.9669462259496795e+000
  2.9629995066600889e+000
  2.9590527873704984e+000
  2.9551060680809078e+000
  2.9511593487913172e+000
  2.9472126295017267e+000
  2.9432659102121361e+000
  2.9393191909225456e+000
  2.9353724716329550e+000
  2.9314257523433644e+000
  2.9274790330537739e+000
  2.9235323137641833e+000
  2.9195855944745932e+000
  2.9156388751850026e+000
  2.9116921558954121e+000
  2.9077454366058215e+000
  2.9037987173162310e+000
  2.8998519980266404e+000
  2.8959052787370498e+000
  2.8919585594474593e+000
  2.8880118401578687e+000
  2.8840651208682782e+000
  2.8801184015786876e+000
  2.8761716822890970e+000
  2.8722249629995065e+000
  2.8682782437099164e+000
  2.8643315244203258e+000
  2.8603848051307352e+000
  2.8564380858411447e+000
  2.8524913665515541e+000
  2.8485446472619635e+000
  2.8445979279723730e+000
  2.8406512086827824e+000
  2.8367044893931919e+000
  2.8327577701036013e+000
  2.8288110508140107e+000
  2.8248643315244202e+000
  2.8209176122348296e+000
  2.8169708929452391e+000
  2.8130241736556489e+000
  2.8090774543660584e+000
  2.8051307350764678e+000
  2.8011840157868773e+000
  2.7972372964972867e+000
  2.7932905772076961e+000
  2.7893438579181056e+000
  2.7853971386285150e+000
  2.7814504193389245e+000
  2.7775037000493339e+000
  2.7735569807597433e+000
  2.7696102614701528e+000
  2.7656635421805622e+000
  2.7617168228909721e+000
  2.7577701036013815e+000
  2.7538233843117910e+000
  2.7498766650222004e+000
  2.7459299457326098e+000
  2.7419832264430193e+000
  2.7380365071534287e+000
  2.7340897878638382e+000
  2.7301430685742476e+000
  2.7261963492846570e+000
  2.7222496299950665e+000
  2.7183029107054759e+000
  2.7143561914158854e+000
  2.7104094721262948e+000
  2.7064627528367047e+000
  2.7025160335471141e+000
  2.6985693142575236e+000
  2.6946225949679330e+000
  2.6906758756783424e+000
  2.6867291563887519e+000
  2.6827824370991613e+000
  2.6788357178095707e+000
  2.6748889985199802e+000
  2.6709422792303896e+000
  2.6669955599407991e+000
  2.6630488406512085e+000
  2.6591021213616184e+000
  2.6551554020720278e+000
  2.6512086827824373e+000
  2.6472619634928467e+000
  2.6433152442032561e+000
  2.6393685249136656e+000
  2.6354218056240750e+000
  2.6314750863344845e+000
  2.6275283670448939e+000
  2.6235816477553033e+000
  2.6196349284657128e+000
  2.6156882091761222e+000
  2.6117414898865317e+000
  2.6077947705969411e+000
  2.6038480513073505e+000
  2.5999013320177604e+000
  2.5959546127281699e+000
  2.5920078934385793e+000
  2.5880611741489887e+000
  2.5841144548593982e+000
  2.5801677355698076e+000
  2.5762210162802170e+000
  2.5722742969906265e+000
  2.5683275777010359e+000
  2.5643808584114454e+000
  2.5604341391218548e+000
  2.5564874198322642e+000
  2.5525407005426741e+000
  2.5485939812530836e+000
  2.5446472619634930e+000
  2.5407005426739024e+000
  2.5367538233843119e+000
  2.5328071040947213e+000
  2.5288603848051308e+000
  2.5249136655155402e+000
  2.5209669462259496e+000
  2.5170202269363591e+000
  2.5130735076467685e+000
  2.5091267883571780e+000
  2.5051800690675874e+000
  2.5012333497779968e+000
  2.4972866304884063e+000
  2.4933399111988162e+000
  2.4893931919092256e+000
  2.4854464726196350e+000
  2.4814997533300445e+000
  2.4775530340404539e+000
  2.4736063147508633e+000
  2.4696595954612728e+000
  2.4657128761716822e+000
  2.4617661568820917e+000
  2.4578194375925011e+000
  2.4538727183029110e+000
  2.4499259990133204e+000
  2.4459792797237299e+000
  2.4420325604341393e+000
  2.4380858411445487e+000
  2.4341391218549582e+000
  2.4301924025653676e+000
  2.4262456832757771e+000
  2.4222989639861865e+000
  2.4183522446965959e+000
  2.4144055254070054e+000
  2.4104588061174148e+000
  2.4065120868278242e+000
  2.4025653675382337e+000
  2.3986186482486431e+000
  2.3946719289590526e+000
  2.3907252096694620e+000
  2.3867784903798719e+000
  2.3828317710902813e+000
  2.3788850518006908e+000
  2.3749383325111002e+000
  2.3709916132215096e+000
  2.3670448939319191e+000
  2.3630981746423285e+000
  2.3591514553527380e+000
  2.3552047360631474e+000
  2.3512580167735568e+000
  2.3473112974839667e+000
  2.3433645781943762e+000
  2.3394178589047856e+000
  2.3354711396151950e+000
  2.3315244203256045e+000
  2.3275777010360139e+000
  2.3236309817464234e+000
  2.3196842624568328e+000
  2.3157375431672422e+000
  2.3117908238776517e+000
  2.3078441045880611e+000
  2.3038973852984705e+000
  2.2999506660088800e+000
  2.2960039467192894e+000
  2.2920572274296989e+000
  2.2881105081401083e+000
  2.2841637888505177e+000
  2.2802170695609276e+000
  2.2762703502713371e+000
  2.2723236309817465e+000
  2.2683769116921559e+000
  2.2644301924025654e+000
  2.2604834731129748e+000
  2.2565367538233843e+000
  2.2525900345337937e+000
  2.2486433152442031e+000
  2.2446965959546126e+000
  2.2407498766650225e+000
  2.2368031573754319e+000
  2.2328564380858413e+000
  2.2289097187962508e+000
  2.2249629995066602e+000
  2.2210162802170696e+000
  2.2170695609274791e+000
  2.2131228416378885e+000
  2.2091761223482980e+000
  2.2052294030587074e+000
  2.2012826837691168e+000
  2.1973359644795263e+000
  2.1933892451899357e+000
  2.1894425259003452e+000
  2.1854958066107546e+000
  2.1815490873211640e+000
  2.1776023680315739e+000
  2.1736556487419834e+000
  2.1697089294523928e+000
  2.1657622101628022e+000
  2.1618154908732117e+000
  2.1578687715836211e+000
  2.1539220522940306e+000
  2.1499753330044400e+000
  2.1460286137148494e+000
  2.1420818944252589e+000
  2.1381351751356688e+000
  2.1341884558460782e+000
  2.1302417365564876e+000
  2.1262950172668971e+000
  2.1223482979773065e+000
  2.1184015786877159e+000
  2.1144548593981254e+000
  2.1105081401085348e+000
  2.1065614208189443e+000
  2.1026147015293537e+000
  2.0986679822397631e+000
  2.0947212629501726e+000
  2.0907745436605820e+000
  2.0868278243709915e+000
  2.0828811050814009e+000
  2.0789343857918103e+000
  2.0749876665022198e+000
  2.0710409472126297e+000
  2.0670942279230391e+000
  2.0631475086334485e+000
  2.0592007893438580e+000
  2.0552540700542674e+000
  2.0513073507646769e+000
  2.0473606314750863e+000
  2.0434139121854957e+000
  2.0394671928959052e+000
  2.0355204736063146e+000
  2.0315737543167245e+000
  2.0276270350271339e+000
  2.0236803157375434e+000
  2.0197335964479528e+000
  2.0157868771583622e+000
  2.0118401578687717e+000
  2.0078934385791811e+000
  2.0039467192895906e+000
  2.0000000000000000e+000
  1.9947643979057592e+000
  1.9895287958115184e+000
  1.9842931937172774e+000
  1.9790575916230366e+000
  1.9738219895287958e+000
  1.9685863874345551e+000
  1.9633507853403140e+000
  1.9581151832460733e+000
  1.9528795811518325e+000
  1.9476439790575917e+000
  1.9424083769633509e+000
  1.9371727748691099e+000
  1.9319371727748691e+000
  1.9267015706806283e+000
  1.9214659685863875e+000
  1.9162303664921465e+000
  1.9109947643979057e+000
  1.9057591623036649e+000
  1.9005235602094241e+000
  1.8952879581151834e+000
  1.8900523560209423e+000
  1.8848167539267016e+000
  1.8795811518324608e+000
  1.8743455497382200e+000
  1.8691099476439790e+000
  1.8638743455497382e+000
  1.8586387434554974e+000
  1.8534031413612566e+000
  1.8481675392670156e+000
  1.8429319371727748e+000
  1.8376963350785340e+000
  1.8324607329842932e+000
  1.8272251308900525e+000
  1.8219895287958114e+000
  1.8167539267015707e+000
  1.8115183246073299e+000
  1.8062827225130891e+000
  1.8010471204188483e+000
  1.7958115183246073e+000
  1.7905759162303665e+000
  1.7853403141361257e+000
  1.7801047120418847e+000
  1.7748691099476439e+000
  1.7696335078534031e+000
  1.7643979057591623e+000
  1.7591623036649215e+000
  1.7539267015706805e+000
  1.7486910994764397e+000
  1.7434554973821990e+000
  1.7382198952879582e+000
  1.7329842931937174e+000
  1.7277486910994764e+000
  1.7225130890052356e+000
  1.7172774869109948e+000
  1.7120418848167538e+000
  1.7068062827225132e+000
  1.7015706806282722e+000
  1.6963350785340314e+000
  1.6910994764397906e+000
  1.6858638743455496e+000
  1.6806282722513088e+000
  1.6753926701570681e+000
  1.6701570680628273e+000
  1.6649214659685865e+000
  1.6596858638743455e+000
  1.6544502617801047e+000
  1.6492146596858639e+000
  1.6439790575916231e+000
  1.6387434554973823e+000
  1.6335078534031413e+000
  1.6282722513089005e+000
  1.6230366492146597e+000
  1.6178010471204187e+000
  1.6125654450261779e+000
  1.6073298429319371e+000
  1.6020942408376964e+000
  1.5968586387434556e+000
  1.5916230366492146e+000
  1.5863874345549738e+000
  1.5811518324607330e+000
  1.5759162303664922e+000
  1.5706806282722514e+000
  1.5654450261780104e+000
  1.5602094240837696e+000
  1.5549738219895288e+000
  1.5497382198952880e+000
  1.5445026178010473e+000
  1.5392670157068062e+000
  1.5340314136125655e+000
  1.5287958115183247e+000
  1.5235602094240837e+000
  1.5183246073298429e+000
  1.5130890052356021e+000
  1.5078534031413613e+000
  1.5026178010471205e+000
  1.4973821989528795e+000
  1.4921465968586387e+000
  1.4869109947643979e+000
  1.4816753926701569e+000
  1.4764397905759163e+000
  1.4712041884816753e+000
  1.4659685863874345e+000
  1.4607329842931938e+000
  1.4554973821989527e+000
  1.4502617801047122e+000
  1.4450261780104712e+000
  1.4397905759162304e+000
  1.4345549738219896e+000
  1.4293193717277486e+000
  1.4240837696335078e+000
  1.4188481675392670e+000
  1.4136125654450262e+000
  1.4083769633507854e+000
  1.4031413612565444e+000
  1.3979057591623036e+000
  1.3926701570680629e+000
  1.3874345549738218e+000
  1.3821989528795813e+000
  1.3769633507853403e+000
  1.3717277486910995e+000
  1.3664921465968587e+000
  1.3612565445026177e+000
  1.3560209424083771e+000
  1.3507853403141361e+000
  1.3455497382198953e+000
  1.3403141361256545e+000
  1.3350785340314135e+000
  1.3298429319371727e+000
  1.3246073298429319e+000
  1.3193717277486909e+000
  1.3141361256544504e+000
  1.3089005235602094e+000
  1.3036649214659686e+000
  1.2984293193717278e+000
  1.2931937172774868e+000
  1.2879581151832462e+000
  1.2827225130890052e+000
  1.2774869109947644e+000
  1.2722513089005236e+000
  1.2670157068062826e+000
  1.2617801047120420e+000
  1.2565445026178010e+000
  1.2513089005235603e+000
  1.2460732984293195e+000
  1.2408376963350785e+000
  1.2356020942408377e+000
  1.2303664921465969e+000
  1.2251308900523559e+000
  1.2198952879581153e+000
  1.2146596858638743e+000
  1.2094240837696335e+000
  1.2041884816753927e+000
  1.1989528795811517e+000
  1.1937172774869111e+000
  1.1884816753926701e+000
  1.1832460732984293e+000
  1.1780104712041886e+000
  1.1727748691099475e+000
  1.1675392670157068e+000
  1.1623036649214660e+000
  1.1570680628272252e+000
  1.1518324607329844e+000
  1.1465968586387434e+000
  1.1413612565445026e+000
  1.1361256544502618e+000
  1.1308900523560208e+000
  1.1256544502617802e+000
  1.1204188481675392e+000
  1.1151832460732984e+000
  1.1099476439790577e+000
  1.1047120418848166e+000
  1.0994764397905761e+000
  1.0942408376963351e+000
  1.0890052356020943e+000
  1.0837696335078535e+000
  1.0785340314136125e+000
  1.0732984293193717e+000
  1.0680628272251309e+000
  1.0628272251308899e+000
  1.0575916230366493e+000
  1.0523560209424083e+000
  1.0471204188481675e+000
  1.0418848167539267e+000
  1.0366492146596857e+000
  1.0314136125654452e+000
  1.0261780104712042e+000
  1.0209424083769634e+000
  1.0157068062827226e+000
  1.0104712041884816e+000
  1.0052356020942408e+000
  1.0000000000000000e+000
  9.9476439790575921e-001
  9.8952879581151842e-001
  9.8429319371727741e-001
  9.7905759162303663e-001
  9.7382198952879584e-001
  9.6858638743455505e-001
  9.6335078534031404e-001
  9.5811518324607325e-001
  9.5287958115183247e-001
  9.4764397905759168e-001
  9.4240837696335089e-001
  9.3717277486910988e-001
  9.3193717277486909e-001
  9.2670157068062831e-001
  9.2146596858638752e-001
  9.1623036649214651e-001
  9.1099476439790572e-001
  9.0575916230366493e-001
  9.0052356020942415e-001
  8.9528795811518314e-001
  8.9005235602094235e-001
  8.8481675392670156e-001
  8.7958115183246077e-001
  8.7434554973821998e-001
  8.6910994764397898e-001
  8.6387434554973819e-001
  8.5863874345549740e-001
  8.5340314136125661e-001
  8.4816753926701560e-001
  8.4293193717277481e-001
  8.3769633507853403e-001
  8.3246073298429324e-001
  8.2722513089005245e-001
  8.2198952879581144e-001
  8.1675392670157065e-001
  8.1151832460732987e-001
  8.0628272251308908e-001
  8.0104712041884807e-001
  7.9581151832460728e-001
  7.9057591623036649e-001
  7.8534031413612571e-001
  7.8010471204188492e-001
  7.7486910994764391e-001
  7.6963350785340312e-001
  7.6439790575916233e-001
  7.5916230366492155e-001
  7.5392670157068054e-001
  7.4869109947643975e-001
  7.4345549738219896e-001
  7.3821989528795817e-001
  7.3298429319371738e-001
  7.2774869109947637e-001
  7.2251308900523559e-001
  7.1727748691099480e-001
  7.1204188481675401e-001
  7.0680628272251300e-001
  7.0157068062827221e-001
  6.9633507853403143e-001
  6.9109947643979064e-001
  6.8586387434554963e-001
  6.8062827225130884e-001
  6.7539267015706805e-001
  6.7015706806282727e-001
  6.6492146596858648e-001
  6.5968586387434547e-001
  6.5445026178010468e-001
  6.4921465968586389e-001
  6.4397905759162311e-001
  6.3874345549738210e-001
  6.3350785340314131e-001
  6.2827225130890052e-001
  6.2303664921465973e-001
  6.1780104712041894e-001
  6.1256544502617793e-001
  6.0732984293193715e-001
  6.0209424083769636e-001
  5.9685863874345557e-001
  5.9162303664921456e-001
  5.8638743455497377e-001
  5.8115183246073299e-001
  5.7591623036649220e-001
  5.7068062827225141e-001
  5.6544502617801040e-001
  5.6020942408376961e-001
  5.5497382198952883e-001
  5.4973821989528804e-001
  5.4450261780104703e-001
  5.3926701570680624e-001
  5.3403141361256545e-001
  5.2879581151832467e-001
  5.2356020942408388e-001
  5.1832460732984287e-001
  5.1308900523560208e-001
  5.0785340314136129e-001
  5.0261780104712050e-001
  4.9738219895287950e-001
  4.9214659685863871e-001
  4.8691099476439792e-001
  4.8167539267015713e-001
  4.7643979057591612e-001
  4.7120418848167533e-001
  4.6596858638743455e-001
  4.6073298429319376e-001
  4.5549738219895297e-001
  4.5026178010471196e-001
  4.4502617801047117e-001
  4.3979057591623039e-001
  4.3455497382198960e-001
  4.2931937172774859e-001
  4.2408376963350780e-001
  4.1884816753926701e-001
  4.1361256544502623e-001
  4.0837696335078544e-001
  4.0314136125654443e-001
  3.9790575916230364e-001
  3.9267015706806285e-001
  3.8743455497382207e-001
  3.8219895287958106e-001
  3.7696335078534027e-001
  3.7172774869109948e-001
  3.6649214659685869e-001
  3.6125654450261790e-001
  3.5602094240837689e-001
  3.5078534031413611e-001
  3.4554973821989532e-001
  3.4031413612565453e-001
  3.3507853403141352e-001
  3.2984293193717273e-001
  3.2460732984293195e-001
  3.1937172774869116e-001
  3.1413612565445037e-001
  3.0890052356020936e-001
  3.0366492146596857e-001
  2.9842931937172779e-001
  2.9319371727748700e-001
  2.8795811518324599e-001
  2.8272251308900520e-001
  2.7748691099476441e-001
  2.7225130890052363e-001
  2.6701570680628262e-001
  2.6178010471204183e-001
  2.5654450261780104e-001
  2.5130890052356025e-001
  2.4607329842931946e-001
  2.4083769633507845e-001
  2.3560209424083767e-001
  2.3036649214659688e-001
  2.2513089005235609e-001
  2.1989528795811508e-001
  2.1465968586387429e-001
  2.0942408376963351e-001
  2.0418848167539272e-001
  1.9895287958115193e-001
  1.9371727748691092e-001
  1.8848167539267013e-001
  1.8324607329842935e-001
  1.7801047120418856e-001
  1.7277486910994755e-001
  1.6753926701570676e-001
  1.6230366492146597e-001
  1.5706806282722519e-001
  1.5183246073298440e-001
  1.4659685863874339e-001
  1.4136125654450260e-001
  1.3612565445026181e-001
  1.3089005235602102e-001
  1.2565445026178002e-001
  1.2041884816753923e-001
  1.1518324607329844e-001
  1.0994764397905765e-001
  1.0471204188481686e-001
  9.9476439790575855e-002
  9.4240837696335067e-002
  8.9005235602094279e-002
  8.3769633507853491e-002
  7.8534031413612482e-002
  7.3298429319371694e-002
  6.8062827225130906e-002
  6.2827225130890119e-002
  5.7591623036649109e-002
  5.2356020942408321e-002
  4.7120418848167533e-002
  4.1884816753926746e-002
  3.6649214659685958e-002
  3.1413612565444948e-002
  2.6178010471204161e-002
  2.0942408376963373e-002
  1.5706806282722585e-002
  1.0471204188481575e-002
  5.2356020942407877e-003
  0.0000000000000000e+000
  0.0000000000000000e+000
  0.0000000000000000e+000
  0.0000000000000000e+000
  0.0000000000000000e+000
  0.0000000000000000e+000
  0.0000000000000000e+000
  0.0000000000000000e+000
  0.0000000000000000e+000
  0.0000000000000000e+000
  0.0000000000000000e+000
  0.0000000000000000e+000
  0.0000000000000000e+000
  0.0000000000000000e+000
  0.0000000000000000e+000
  0.0000000000000000e+000
  0.0000000000000000e+000
  0.0000000000000000e+000
  0.0000000000000000e+000
  0.0000000000000000e+000
  0.0000000000000000e+000
  0.0000000000000000e+000
  0.0000000000000000e+000
  0.0000000000000000e+000
  0.0000000000000000e+000
  0.0000000000000000e+000
  0.0000000000000000e+000
  0.0000000000000000e+000
  0.0000000000000000e+000
  0.0000000000000000e+000
  0.0000000000000000e+000
