  0.0000000000000000e+000
  3.3333333333333337e-001
  6.6666666666666674e-001
  1.0000000000000000e+000
  1.0085470085470085e+000
  1.0170940170940170e+000
  1.0256410256410255e+000
  1.0341880341880341e+000
  1.0427350427350426e+000
  1.0512820512820513e+000
  1.0598290598290598e+000
  1.0683760683760684e+000
  1.0769230769230769e+000
  1.0854700854700856e+000
  1.0940170940170941e+000
  1.1025641025641026e+000
  1.1111111111111112e+000
  1.1196581196581197e+000
  1.1282051282051282e+000
  1.1367521367521367e+000
  1.1452991452991452e+000
  1.1538461538461537e+000
  1.1623931623931623e+000
  1.1709401709401708e+000
  1.1794871794871795e+000
  1.1880341880341880e+000
  1.1965811965811965e+000
  1.2051282051282053e+000
  1.2136752136752138e+000
  1.2222222222222223e+000
  1.2307692307692308e+000
  1.2393162393162394e+000
  1.2478632478632479e+000
  1.2564102564102564e+000
  1.2649572649572649e+000
  1.2735042735042734e+000
  1.2820512820512819e+000
  1.2905982905982905e+000
  1.2991452991452992e+000
  1.3076923076923077e+000
  1.3162393162393162e+000
  1.3247863247863247e+000
  1.3333333333333335e+000
  1.3418803418803420e+000
  1.3504273504273505e+000
  1.3589743589743590e+000
  1.3675213675213675e+000
  1.3760683760683761e+000
  1.3846153846153846e+000
  1.3931623931623931e+000
  1.4017094017094016e+000
  1.4102564102564101e+000
  1.4188034188034186e+000
  1.4273504273504274e+000
  1.4358974358974359e+000
  1.4444444444444444e+000
  1.4529914529914529e+000
  1.4615384615384617e+000
  1.4700854700854702e+000
  1.4786324786324787e+000
  1.4871794871794872e+000
  1.4957264957264957e+000
  1.5042735042735043e+000
  1.5128205128205128e+000
  1.5213675213675213e+000
  1.5299145299145298e+000
  1.5384615384615383e+000
  1.5470085470085471e+000
  1.5555555555555556e+000
  1.5641025641025641e+000
  1.5726495726495726e+000
  1.5811965811965811e+000
  1.5897435897435899e+000
  1.5982905982905984e+000
  1.6068376068376069e+000
  1.6153846153846154e+000
  1.6239316239316239e+000
  1.6324786324786325e+000
  1.6410256410256410e+000
  1.6495726495726495e+000
  1.6581196581196580e+000
  1.6666666666666667e+000
  1.6752136752136753e+000
  1.6837606837606838e+000
  1.6923076923076923e+000
  1.7008547008547008e+000
  1.7094017094017093e+000
  1.7179487179487181e+000
  1.7264957264957266e+000
  1.7350427350427351e+000
  1.7435897435897436e+000
  1.7521367521367521e+000
  1.7606837606837606e+000
  1.7692307692307692e+000
  1.7777777777777777e+000
  1.7863247863247864e+000
  1.7948717948717949e+000
  1.8034188034188035e+000
  1.8119658119658120e+000
  1.8205128205128205e+000
  1.8290598290598290e+000
  1.8376068376068375e+000
  1.8461538461538463e+000
  1.8547008547008548e+000
  1.8632478632478633e+000
  1.8717948717948718e+000
  1.8803418803418803e+000
  1.8888888888888888e+000
  1.8974358974358974e+000
  1.9059829059829059e+000
  1.9145299145299146e+000
  1.9230769230769231e+000
  1.9316239316239316e+000
  1.9401709401709402e+000
  1.9487179487179487e+000
  1.9572649572649572e+000
  1.9658119658119657e+000
  1.9743589743589745e+000
  1.9829059829059830e+000
  1.9914529914529915e+000
  2.0000000000000000e+000
  2.0023809523809524e+000
  2.0047619047619047e+000
  2.0071428571428571e+000
  2.0095238095238095e+000
  2.0119047619047619e+000
  2.0142857142857142e+000
  2.0166666666666666e+000
  2.0190476190476190e+000
  2.0214285714285714e+000
  2.0238095238095237e+000
  2.0261904761904761e+000
  2.0285714285714285e+000
  2.0309523809523808e+000
  2.0333333333333332e+000
  2.0357142857142856e+000
  2.0380952380952380e+000
  2.0404761904761903e+000
  2.0428571428571427e+000
  2.0452380952380951e+000
  2.0476190476190474e+000
  2.0499999999999998e+000
  2.0523809523809522e+000
  2.0547619047619046e+000
  2.0571428571428569e+000
  2.0595238095238093e+000
  2.0619047619047617e+000
  2.0642857142857141e+000
  2.0666666666666664e+000
  2.0690476190476188e+000
  2.0714285714285712e+000
  2.0738095238095235e+000
  2.0761904761904759e+000
  2.0785714285714287e+000
  2.0809523809523811e+000
  2.0833333333333335e+000
  2.0857142857142859e+000
  2.0880952380952382e+000
  2.0904761904761906e+000
  2.0928571428571430e+000
  2.0952380952380953e+000
  2.0976190476190477e+000
  2.1000000000000001e+000
  2.1023809523809525e+000
  2.1047619047619048e+000
  2.1071428571428572e+000
  2.1095238095238096e+000
  2.1119047619047620e+000
  2.1142857142857143e+000
  2.1166666666666667e+000
  2.1190476190476191e+000
  2.1214285714285714e+000
  2.1238095238095238e+000
  2.1261904761904762e+000
  2.1285714285714286e+000
  2.1309523809523809e+000
  2.1333333333333333e+000
  2.1357142857142857e+000
  2.1380952380952380e+000
  2.1404761904761904e+000
  2.1428571428571428e+000
  2.1452380952380952e+000
  2.1476190476190475e+000
  2.1499999999999999e+000
  2.1523809523809523e+000
  2.1547619047619047e+000
  2.1571428571428570e+000
  2.1595238095238094e+000
  2.1619047619047618e+000
  2.1642857142857141e+000
  2.1666666666666665e+000
  2.1690476190476189e+000
  2.1714285714285713e+000
  2.1738095238095241e+000
  2.1761904761904765e+000
  2.1785714285714288e+000
  2.1809523809523812e+000
  2.1833333333333336e+000
  2.1857142857142859e+000
  2.1880952380952383e+000
  2.1904761904761907e+000
  2.1928571428571431e+000
  2.1952380952380954e+000
  2.1976190476190478e+000
  2.2000000000000002e+000
  2.2023809523809526e+000
  2.2047619047619049e+000
  2.2071428571428573e+000
  2.2095238095238097e+000
  2.2119047619047620e+000
  2.2142857142857144e+000
  2.2166666666666668e+000
  2.2190476190476192e+000
  2.2214285714285715e+000
  2.2238095238095239e+000
  2.2261904761904763e+000
  2.2285714285714286e+000
  2.2309523809523810e+000
  2.2333333333333334e+000
  2.2357142857142858e+000
  2.2380952380952381e+000
  2.2404761904761905e+000
  2.2428571428571429e+000
  2.2452380952380953e+000
  2.2476190476190476e+000
  2.2500000000000000e+000
  2.2523809523809524e+000
  2.2547619047619047e+000
  2.2571428571428571e+000
  2.2595238095238095e+000
  2.2619047619047619e+000
  2.2642857142857142e+000
  2.2666666666666666e+000
  2.2690476190476190e+000
  2.2714285714285714e+000
  2.2738095238095237e+000
  2.2761904761904761e+000
  2.2785714285714285e+000
  2.2809523809523808e+000
  2.2833333333333332e+000
  2.2857142857142856e+000
  2.2880952380952380e+000
  2.2904761904761903e+000
  2.2928571428571427e+000
  2.2952380952380951e+000
  2.2976190476190474e+000
  2.2999999999999998e+000
  2.3023809523809522e+000
  2.3047619047619046e+000
  2.3071428571428569e+000
  2.3095238095238093e+000
  2.3119047619047617e+000
  2.3142857142857141e+000
  2.3166666666666664e+000
  2.3190476190476188e+000
  2.3214285714285712e+000
  2.3238095238095235e+000
  2.3261904761904759e+000
  2.3285714285714287e+000
  2.3309523809523811e+000
  2.3333333333333335e+000
  2.3357142857142859e+000
  2.3380952380952382e+000
  2.3404761904761906e+000
  2.3428571428571430e+000
  2.3452380952380953e+000
  2.3476190476190477e+000
  2.3500000000000001e+000
  2.3523809523809525e+000
  2.3547619047619048e+000
  2.3571428571428572e+000
  2.3595238095238096e+000
  2.3619047619047620e+000
  2.3642857142857143e+000
  2.3666666666666667e+000
  2.3690476190476191e+000
  2.3714285714285714e+000
  2.3738095238095238e+000
  2.3761904761904762e+000
  2.3785714285714286e+000
  2.3809523809523809e+000
  2.3833333333333333e+000
  2.3857142857142857e+000
  2.3880952380952380e+000
  2.3904761904761904e+000
  2.3928571428571428e+000
  2.3952380952380952e+000
  2.3976190476190475e+000
  2.3999999999999999e+000
  2.4023809523809523e+000
  2.4047619047619047e+000
  2.4071428571428570e+000
  2.4095238095238094e+000
  2.4119047619047618e+000
  2.4142857142857141e+000
  2.4166666666666665e+000
  2.4190476190476189e+000
  2.4214285714285713e+000
  2.4238095238095241e+000
  2.4261904761904765e+000
  2.4285714285714288e+000
  2.4309523809523812e+000
  2.4333333333333336e+000
  2.4357142857142859e+000
  2.4380952380952383e+000
  2.4404761904761907e+000
  2.4428571428571431e+000
  2.4452380952380954e+000
  2.4476190476190478e+000
  2.4500000000000002e+000
  2.4523809523809526e+000
  2.4547619047619049e+000
  2.4571428571428573e+000
  2.4595238095238097e+000
  2.4619047619047620e+000
  2.4642857142857144e+000
  2.4666666666666668e+000
  2.4690476190476192e+000
  2.4714285714285715e+000
  2.4738095238095239e+000
  2.4761904761904763e+000
  2.4785714285714286e+000
  2.4809523809523810e+000
  2.4833333333333334e+000
  2.4857142857142858e+000
  2.4880952380952381e+000
  2.4904761904761905e+000
  2.4928571428571429e+000
  2.4952380952380953e+000
  2.4976190476190476e+000
  2.5000000000000000e+000
  2.5023809523809524e+000
  2.5047619047619047e+000
  2.5071428571428571e+000
  2.5095238095238095e+000
  2.5119047619047619e+000
  2.5142857142857142e+000
  2.5166666666666666e+000
  2.5190476190476190e+000
  2.5214285714285714e+000
  2.5238095238095237e+000
  2.5261904761904761e+000
  2.5285714285714285e+000
  2.5309523809523808e+000
  2.5333333333333332e+000
  2.5357142857142856e+000
  2.5380952380952380e+000
  2.5404761904761903e+000
  2.5428571428571427e+000
  2.5452380952380951e+000
  2.5476190476190474e+000
  2.5499999999999998e+000
  2.5523809523809522e+000
  2.5547619047619046e+000
  2.5571428571428569e+000
  2.5595238095238093e+000
  2.5619047619047617e+000
  2.5642857142857141e+000
  2.5666666666666664e+000
  2.5690476190476188e+000
  2.5714285714285716e+000
  2.5738095238095240e+000
  2.5761904761904764e+000
  2.5785714285714287e+000
  2.5809523809523811e+000
  2.5833333333333335e+000
  2.5857142857142859e+000
  2.5880952380952382e+000
  2.5904761904761906e+000
  2.5928571428571430e+000
  2.5952380952380953e+000
  2.5976190476190477e+000
  2.6000000000000001e+000
  2.6023809523809525e+000
  2.6047619047619048e+000
  2.6071428571428572e+000
  2.6095238095238096e+000
  2.6119047619047620e+000
  2.6142857142857143e+000
  2.6166666666666667e+000
  2.6190476190476191e+000
  2.6214285714285714e+000
  2.6238095238095238e+000
  2.6261904761904762e+000
  2.6285714285714286e+000
  2.6309523809523809e+000
  2.6333333333333333e+000
  2.6357142857142857e+000
  2.6380952380952380e+000
  2.6404761904761904e+000
  2.6428571428571428e+000
  2.6452380952380952e+000
  2.6476190476190475e+000
  2.6499999999999999e+000
  2.6523809523809523e+000
  2.6547619047619047e+000
  2.6571428571428570e+000
  2.6595238095238094e+000
  2.6619047619047618e+000
  2.6642857142857141e+000
  2.6666666666666665e+000
  2.6690476190476189e+000
  2.6714285714285713e+000
  2.6738095238095236e+000
  2.6761904761904760e+000
  2.6785714285714284e+000
  2.6809523809523812e+000
  2.6833333333333336e+000
  2.6857142857142859e+000
  2.6880952380952383e+000
  2.6904761904761907e+000
  2.6928571428571431e+000
  2.6952380952380954e+000
  2.6976190476190478e+000
  2.7000000000000002e+000
  2.7023809523809526e+000
  2.7047619047619049e+000
  2.7071428571428573e+000
  2.7095238095238097e+000
  2.7119047619047620e+000
  2.7142857142857144e+000
  2.7166666666666668e+000
  2.7190476190476192e+000
  2.7214285714285715e+000
  2.7238095238095239e+000
  2.7261904761904763e+000
  2.7285714285714286e+000
  2.7309523809523810e+000
  2.7333333333333334e+000
  2.7357142857142858e+000
  2.7380952380952381e+000
  2.7404761904761905e+000
  2.7428571428571429e+000
  2.7452380952380953e+000
  2.7476190476190476e+000
  2.7500000000000000e+000
  2.7523809523809524e+000
  2.7547619047619047e+000
  2.7571428571428571e+000
  2.7595238095238095e+000
  2.7619047619047619e+000
  2.7642857142857142e+000
  2.7666666666666666e+000
  2.7690476190476190e+000
  2.7714285714285714e+000
  2.7738095238095237e+000
  2.7761904761904761e+000
  2.7785714285714285e+000
  2.7809523809523808e+000
  2.7833333333333332e+000
  2.7857142857142856e+000
  2.7880952380952380e+000
  2.7904761904761903e+000
  2.7928571428571427e+000
  2.7952380952380951e+000
  2.7976190476190474e+000
  2.7999999999999998e+000
  2.8023809523809522e+000
  2.8047619047619046e+000
  2.8071428571428569e+000
  2.8095238095238093e+000
  2.8119047619047617e+000
  2.8142857142857141e+000
  2.8166666666666669e+000
  2.8190476190476192e+000
  2.8214285714285716e+000
  2.8238095238095240e+000
  2.8261904761904764e+000
  2.8285714285714287e+000
  2.8309523809523811e+000
  2.8333333333333335e+000
  2.8357142857142859e+000
  2.8380952380952382e+000
  2.8404761904761906e+000
  2.8428571428571430e+000
  2.8452380952380953e+000
  2.8476190476190477e+000
  2.8500000000000001e+000
  2.8523809523809525e+000
  2.8547619047619048e+000
  2.8571428571428572e+000
  2.8595238095238096e+000
  2.8619047619047620e+000
  2.8642857142857143e+000
  2.8666666666666667e+000
  2.8690476190476191e+000
  2.8714285714285714e+000
  2.8738095238095238e+000
  2.8761904761904762e+000
  2.8785714285714286e+000
  2.8809523809523809e+000
  2.8833333333333333e+000
  2.8857142857142857e+000
  2.8880952380952380e+000
  2.8904761904761904e+000
  2.8928571428571428e+000
  2.8952380952380952e+000
  2.8976190476190475e+000
  2.8999999999999999e+000
  2.9023809523809523e+000
  2.9047619047619047e+000
  2.9071428571428570e+000
  2.9095238095238094e+000
  2.9119047619047618e+000
  2.9142857142857141e+000
  2.9166666666666665e+000
  2.9190476190476189e+000
  2.9214285714285713e+000
  2.9238095238095236e+000
  2.9261904761904760e+000
  2.9285714285714284e+000
  2.9309523809523808e+000
  2.9333333333333331e+000
  2.9357142857142859e+000
  2.9380952380952383e+000
  2.9404761904761907e+000
  2.9428571428571431e+000
  2.9452380952380954e+000
  2.9476190476190478e+000
  2.9500000000000002e+000
  2.9523809523809526e+000
  2.9547619047619049e+000
  2.9571428571428573e+000
  2.9595238095238097e+000
  2.9619047619047620e+000
  2.9642857142857144e+000
  2.9666666666666668e+000
  2.9690476190476192e+000
  2.9714285714285715e+000
  2.9738095238095239e+000
  2.9761904761904763e+000
  2.9785714285714286e+000
  2.9809523809523810e+000
  2.9833333333333334e+000
  2.9857142857142858e+000
  2.9880952380952381e+000
  2.9904761904761905e+000
  2.9928571428571429e+000
  2.9952380952380953e+000
  2.9976190476190476e+000
  3.0000000000000000e+000
  3.0055865921787710e+000
  3.0111731843575420e+000
  3.0167597765363130e+000
  3.0223463687150840e+000
  3.0279329608938550e+000
  3.0335195530726256e+000
  3.0391061452513966e+000
  3.0446927374301676e+000
  3.0502793296089385e+000
  3.0558659217877095e+000
  3.0614525139664805e+000
  3.0670391061452515e+000
  3.0726256983240221e+000
  3.0782122905027931e+000
  3.0837988826815641e+000
  3.0893854748603351e+000
  3.0949720670391061e+000
  3.1005586592178771e+000
  3.1061452513966481e+000
  3.1117318435754191e+000
  3.1173184357541901e+000
  3.1229050279329611e+000
  3.1284916201117321e+000
  3.1340782122905027e+000
  3.1396648044692737e+000
  3.1452513966480447e+000
  3.1508379888268156e+000
  3.1564245810055866e+000
  3.1620111731843576e+000
  3.1675977653631286e+000
  3.1731843575418992e+000
  3.1787709497206702e+000
  3.1843575418994412e+000
  3.1899441340782122e+000
  3.1955307262569832e+000
  3.2011173184357542e+000
  3.2067039106145252e+000
  3.2122905027932962e+000
  3.2178770949720672e+000
  3.2234636871508382e+000
  3.2290502793296092e+000
  3.2346368715083798e+000
  3.2402234636871508e+000
  3.2458100558659218e+000
  3.2513966480446927e+000
  3.2569832402234637e+000
  3.2625698324022347e+000
  3.2681564245810057e+000
  3.2737430167597763e+000
  3.2793296089385473e+000
  3.2849162011173183e+000
  3.2905027932960893e+000
  3.2960893854748603e+000
  3.3016759776536313e+000
  3.3072625698324023e+000
  3.3128491620111733e+000
  3.3184357541899443e+000
  3.3240223463687153e+000
  3.3296089385474863e+000
  3.3351955307262569e+000
  3.3407821229050279e+000
  3.3463687150837989e+000
  3.3519553072625698e+000
  3.3575418994413408e+000
  3.3631284916201118e+000
  3.3687150837988828e+000
  3.3743016759776534e+000
  3.3798882681564244e+000
  3.3854748603351954e+000
  3.3910614525139664e+000
  3.3966480446927374e+000
  3.4022346368715084e+000
  3.4078212290502794e+000
  3.4134078212290504e+000
  3.4189944134078214e+000
  3.4245810055865924e+000
  3.4301675977653634e+000
  3.4357541899441340e+000
  3.4413407821229050e+000
  3.4469273743016760e+000
  3.4525139664804469e+000
  3.4581005586592179e+000
  3.4636871508379889e+000
  3.4692737430167595e+000
  3.4748603351955305e+000
  3.4804469273743015e+000
  3.4860335195530725e+000
  3.4916201117318435e+000
  3.4972067039106145e+000
  3.5027932960893855e+000
  3.5083798882681565e+000
  3.5139664804469275e+000
  3.5195530726256985e+000
  3.5251396648044695e+000
  3.5307262569832401e+000
  3.5363128491620111e+000
  3.5418994413407821e+000
  3.5474860335195531e+000
  3.5530726256983240e+000
  3.5586592178770950e+000
  3.5642458100558660e+000
  3.5698324022346370e+000
  3.5754189944134076e+000
  3.5810055865921786e+000
  3.5865921787709496e+000
  3.5921787709497206e+000
  3.5977653631284916e+000
  3.6033519553072626e+000
  3.6089385474860336e+000
  3.6145251396648046e+000
  3.6201117318435756e+000
  3.6256983240223466e+000
  3.6312849162011172e+000
  3.6368715083798882e+000
  3.6424581005586592e+000
  3.6480446927374302e+000
  3.6536312849162011e+000
  3.6592178770949721e+000
  3.6648044692737431e+000
  3.6703910614525141e+000
  3.6759776536312847e+000
  3.6815642458100557e+000
  3.6871508379888267e+000
  3.6927374301675977e+000
  3.6983240223463687e+000
  3.7039106145251397e+000
  3.7094972067039107e+000
  3.7150837988826817e+000
  3.7206703910614527e+000
  3.7262569832402237e+000
  3.7318435754189943e+000
  3.7374301675977653e+000
  3.7430167597765363e+000
  3.7486033519553073e+000
  3.7541899441340782e+000
  3.7597765363128492e+000
  3.7653631284916202e+000
  3.7709497206703912e+000
  3.7765363128491618e+000
  3.7821229050279328e+000
  3.7877094972067038e+000
  3.7932960893854748e+000
  3.7988826815642458e+000
  3.8044692737430168e+000
  3.8100558659217878e+000
  3.8156424581005588e+000
  3.8212290502793298e+000
  3.8268156424581004e+000
  3.8324022346368714e+000
  3.8379888268156424e+000
  3.8435754189944134e+000
  3.8491620111731844e+000
  3.8547486033519553e+000
  3.8603351955307263e+000
  3.8659217877094973e+000
  3.8715083798882683e+000
  3.8770949720670389e+000
  3.8826815642458099e+000
  3.8882681564245809e+000
  3.8938547486033519e+000
  3.8994413407821229e+000
  3.9050279329608939e+000
  3.9106145251396649e+000
  3.9162011173184359e+000
  3.9217877094972069e+000
  3.9273743016759775e+000
  3.9329608938547485e+000
  3.9385474860335195e+000
  3.9441340782122905e+000
  3.9497206703910615e+000
  3.9553072625698324e+000
  3.9608938547486034e+000
  3.9664804469273744e+000
  3.9720670391061454e+000
  3.9776536312849160e+000
  3.9832402234636870e+000
  3.9888268156424580e+000
  3.9944134078212290e+000
  4.0000000000000000e+000
  4.0156250000000000e+000
  4.0312500000000000e+000
  4.0468750000000000e+000
  4.0625000000000000e+000
  4.0781250000000000e+000
  4.0937500000000000e+000
  4.1093750000000000e+000
  4.1250000000000000e+000
  4.1406250000000000e+000
  4.1562500000000000e+000
  4.1718750000000000e+000
  4.1875000000000000e+000
  4.2031250000000000e+000
  4.2187500000000000e+000
  4.2343750000000000e+000
  4.2500000000000000e+000
  4.2656250000000000e+000
  4.2812500000000000e+000
  4.2968750000000000e+000
  4.3125000000000000e+000
  4.3281250000000000e+000
  4.3437500000000000e+000
  4.3593750000000000e+000
  4.3750000000000000e+000
  4.3906250000000000e+000
  4.4062500000000000e+000
  4.4218750000000000e+000
  4.4375000000000000e+000
  4.4531250000000000e+000
  4.4687500000000000e+000
  4.4843750000000000e+000
  4.5000000000000000e+000
  4.5156250000000000e+000
  4.5312500000000000e+000
  4.5468750000000000e+000
  4.5625000000000000e+000
  4.5781250000000000e+000
  4.5937500000000000e+000
  4.6093750000000000e+000
  4.6250000000000000e+000
  4.6406250000000000e+000
  4.6562500000000000e+000
  4.6718750000000000e+000
  4.6875000000000000e+000
  4.7031250000000000e+000
  4.7187500000000000e+000
  4.7343750000000000e+000
  4.7500000000000000e+000
  4.7656250000000000e+000
  4.7812500000000000e+000
  4.7968750000000000e+000
  4.8125000000000000e+000
  4.8281250000000000e+000
  4.8437500000000000e+000
  4.8593750000000000e+000
  4.8750000000000000e+000
  4.8906250000000000e+000
  4.9062500000000000e+000
  4.9218750000000000e+000
  4.9375000000000000e+000
  4.9531250000000000e+000
  4.9687500000000000e+000
  4.9843750000000000e+000
  5.0000000000000000e+000
  5.0238095238095237e+000
  5.0476190476190474e+000
  5.0714285714285712e+000
  5.0952380952380949e+000
  5.1190476190476186e+000
  5.1428571428571432e+000
  5.1666666666666670e+000
  5.1904761904761907e+000
  5.2142857142857144e+000
  5.2380952380952381e+000
  5.2619047619047619e+000
  5.2857142857142856e+000
  5.3095238095238093e+000
  5.3333333333333330e+000
  5.3571428571428568e+000
  5.3809523809523814e+000
  5.4047619047619051e+000
  5.4285714285714288e+000
  5.4523809523809526e+000
  5.4761904761904763e+000
  5.5000000000000000e+000
  5.5238095238095237e+000
  5.5476190476190474e+000
  5.5714285714285712e+000
  5.5952380952380949e+000
  5.6190476190476186e+000
  5.6428571428571432e+000
  5.6666666666666670e+000
  5.6904761904761907e+000
  5.7142857142857144e+000
  5.7380952380952381e+000
  5.7619047619047619e+000
  5.7857142857142856e+000
  5.8095238095238093e+000
  5.8333333333333330e+000
  5.8571428571428568e+000
  5.8809523809523814e+000
  5.9047619047619051e+000
  5.9285714285714288e+000
  5.9523809523809526e+000
  5.9761904761904763e+000
  6.0000000000000000e+000
  6.0370370370370372e+000
  6.0740740740740744e+000
  6.1111111111111107e+000
  6.1481481481481479e+000
  6.1851851851851851e+000
  6.2222222222222223e+000
  6.2592592592592595e+000
  6.2962962962962958e+000
  6.3333333333333330e+000
  6.3703703703703702e+000
  6.4074074074074074e+000
  6.4444444444444446e+000
  6.4814814814814818e+000
  6.5185185185185182e+000
  6.5555555555555554e+000
  6.5925925925925926e+000
  6.6296296296296298e+000
  6.6666666666666670e+000
  6.7037037037037042e+000
  6.7407407407407405e+000
  6.7777777777777777e+000
  6.8148148148148149e+000
  6.8518518518518521e+000
  6.8888888888888893e+000
  6.9259259259259256e+000
  6.9629629629629628e+000
  7.0000000000000000e+000
  7.0625000000000000e+000
  7.1250000000000000e+000
  7.1875000000000000e+000
  7.2500000000000000e+000
  7.3125000000000000e+000
  7.3750000000000000e+000
  7.4375000000000000e+000
  7.5000000000000000e+000
  7.5625000000000000e+000
  7.6250000000000000e+000
  7.6875000000000000e+000
  7.7500000000000000e+000
  7.8125000000000000e+000
  7.8750000000000000e+000
  7.9375000000000000e+000
  8.0000000000000000e+000
  8.1111111111111107e+000
  8.2222222222222214e+000
  8.3333333333333339e+000
  8.4444444444444446e+000
  8.5555555555555554e+000
  8.6666666666666661e+000
  8.7777777777777786e+000
  8.8888888888888893e+000
  9.0000000000000000e+000
  9.1428571428571423e+000
  9.2857142857142865e+000
  9.4285714285714288e+000
  9.5714285714285712e+000
  9.7142857142857135e+000
  9.8571428571428577e+000
  1.0000000000000000e+001
  1.0250000000000000e+001
  1.0500000000000000e+001
  1.0750000000000000e+001
  1.1000000000000000e+001
  1.1250000000000000e+001
  1.1500000000000000e+001
  1.1750000000000000e+001
  1.2000000000000000e+001
  1.2500000000000000e+001
  1.3000000000000000e+001
  1.4399999999999999e+001
  1.5800000000000001e+001
  1.7199999999999999e+001
  1.8600000000000001e+001
  2.0000000000000000e+001
