  0.0000000000000000e+000
  3.3333333333333337e-001
  6.6666666666666674e-001
  1.0000000000000000e+000
  1.0023148148148149e+000
  1.0046296296296298e+000
  1.0069444444444444e+000
  1.0092592592592593e+000
  1.0115740740740740e+000
  1.0138888888888888e+000
  1.0162037037037037e+000
  1.0185185185185186e+000
  1.0208333333333335e+000
  1.0231481481481481e+000
  1.0254629629629628e+000
  1.0277777777777777e+000
  1.0300925925925926e+000
  1.0324074074074074e+000
  1.0347222222222223e+000
  1.0370370370370372e+000
  1.0393518518518519e+000
  1.0416666666666665e+000
  1.0439814814814814e+000
  1.0462962962962963e+000
  1.0486111111111112e+000
  1.0509259259259260e+000
  1.0532407407407407e+000
  1.0555555555555556e+000
  1.0578703703703702e+000
  1.0601851851851851e+000
  1.0625000000000000e+000
  1.0648148148148149e+000
  1.0671296296296298e+000
  1.0694444444444444e+000
  1.0717592592592593e+000
  1.0740740740740740e+000
  1.0763888888888888e+000
  1.0787037037037037e+000
  1.0810185185185186e+000
  1.0833333333333335e+000
  1.0856481481481481e+000
  1.0879629629629628e+000
  1.0902777777777777e+000
  1.0925925925925926e+000
  1.0949074074074074e+000
  1.0972222222222223e+000
  1.0995370370370372e+000
  1.1018518518518519e+000
  1.1041666666666665e+000
  1.1064814814814814e+000
  1.1087962962962963e+000
  1.1111111111111112e+000
  1.1134259259259260e+000
  1.1157407407407407e+000
  1.1180555555555556e+000
  1.1203703703703702e+000
  1.1226851851851851e+000
  1.1250000000000000e+000
  1.1273148148148149e+000
  1.1296296296296298e+000
  1.1319444444444444e+000
  1.1342592592592593e+000
  1.1365740740740740e+000
  1.1388888888888888e+000
  1.1412037037037037e+000
  1.1435185185185186e+000
  1.1458333333333335e+000
  1.1481481481481481e+000
  1.1504629629629628e+000
  1.1527777777777777e+000
  1.1550925925925926e+000
  1.1574074074074074e+000
  1.1597222222222223e+000
  1.1620370370370372e+000
  1.1643518518518519e+000
  1.1666666666666665e+000
  1.1689814814814814e+000
  1.1712962962962963e+000
  1.1736111111111112e+000
  1.1759259259259260e+000
  1.1782407407407407e+000
  1.1805555555555556e+000
  1.1828703703703702e+000
  1.1851851851851851e+000
  1.1875000000000000e+000
  1.1898148148148149e+000
  1.1921296296296298e+000
  1.1944444444444444e+000
  1.1967592592592593e+000
  1.1990740740740740e+000
  1.2013888888888888e+000
  1.2037037037037037e+000
  1.2060185185185186e+000
  1.2083333333333335e+000
  1.2106481481481481e+000
  1.2129629629629628e+000
  1.2152777777777777e+000
  1.2175925925925926e+000
  1.2199074074074074e+000
  1.2222222222222223e+000
  1.2245370370370372e+000
  1.2268518518518519e+000
  1.2291666666666665e+000
  1.2314814814814814e+000
  1.2337962962962963e+000
  1.2361111111111112e+000
  1.2384259259259260e+000
  1.2407407407407407e+000
  1.2430555555555556e+000
  1.2453703703703702e+000
  1.2476851851851851e+000
  1.2500000000000000e+000
  1.2523148148148149e+000
  1.2546296296296298e+000
  1.2569444444444444e+000
  1.2592592592592593e+000
  1.2615740740740740e+000
  1.2638888888888888e+000
  1.2662037037037037e+000
  1.2685185185185186e+000
  1.2708333333333335e+000
  1.2731481481481481e+000
  1.2754629629629628e+000
  1.2777777777777777e+000
  1.2800925925925926e+000
  1.2824074074074074e+000
  1.2847222222222223e+000
  1.2870370370370372e+000
  1.2893518518518519e+000
  1.2916666666666665e+000
  1.2939814814814814e+000
  1.2962962962962963e+000
  1.2986111111111112e+000
  1.3009259259259260e+000
  1.3032407407407407e+000
  1.3055555555555556e+000
  1.3078703703703702e+000
  1.3101851851851851e+000
  1.3125000000000000e+000
  1.3148148148148149e+000
  1.3171296296296298e+000
  1.3194444444444444e+000
  1.3217592592592593e+000
  1.3240740740740740e+000
  1.3263888888888888e+000
  1.3287037037037037e+000
  1.3310185185185186e+000
  1.3333333333333335e+000
  1.3356481481481481e+000
  1.3379629629629628e+000
  1.3402777777777777e+000
  1.3425925925925926e+000
  1.3449074074074074e+000
  1.3472222222222223e+000
  1.3495370370370372e+000
  1.3518518518518519e+000
  1.3541666666666665e+000
  1.3564814814814814e+000
  1.3587962962962963e+000
  1.3611111111111112e+000
  1.3634259259259260e+000
  1.3657407407407407e+000
  1.3680555555555556e+000
  1.3703703703703702e+000
  1.3726851851851851e+000
  1.3750000000000000e+000
  1.3773148148148149e+000
  1.3796296296296298e+000
  1.3819444444444444e+000
  1.3842592592592593e+000
  1.3865740740740740e+000
  1.3888888888888888e+000
  1.3912037037037037e+000
  1.3935185185185186e+000
  1.3958333333333335e+000
  1.3981481481481481e+000
  1.4004629629629628e+000
  1.4027777777777777e+000
  1.4050925925925926e+000
  1.4074074074074074e+000
  1.4097222222222223e+000
  1.4120370370370372e+000
  1.4143518518518519e+000
  1.4166666666666665e+000
  1.4189814814814814e+000
  1.4212962962962963e+000
  1.4236111111111112e+000
  1.4259259259259260e+000
  1.4282407407407407e+000
  1.4305555555555556e+000
  1.4328703703703702e+000
  1.4351851851851851e+000
  1.4375000000000000e+000
  1.4398148148148149e+000
  1.4421296296296298e+000
  1.4444444444444444e+000
  1.4467592592592593e+000
  1.4490740740740740e+000
  1.4513888888888888e+000
  1.4537037037037037e+000
  1.4560185185185186e+000
  1.4583333333333335e+000
  1.4606481481481481e+000
  1.4629629629629628e+000
  1.4652777777777777e+000
  1.4675925925925926e+000
  1.4699074074074074e+000
  1.4722222222222223e+000
  1.4745370370370372e+000
  1.4768518518518519e+000
  1.4791666666666665e+000
  1.4814814814814814e+000
  1.4837962962962963e+000
  1.4861111111111112e+000
  1.4884259259259260e+000
  1.4907407407407407e+000
  1.4930555555555556e+000
  1.4953703703703702e+000
  1.4976851851851851e+000
  1.5000000000000000e+000
  1.5023148148148149e+000
  1.5046296296296298e+000
  1.5069444444444444e+000
  1.5092592592592593e+000
  1.5115740740740740e+000
  1.5138888888888888e+000
  1.5162037037037037e+000
  1.5185185185185186e+000
  1.5208333333333333e+000
  1.5231481481481481e+000
  1.5254629629629630e+000
  1.5277777777777777e+000
  1.5300925925925926e+000
  1.5324074074074074e+000
  1.5347222222222223e+000
  1.5370370370370370e+000
  1.5393518518518519e+000
  1.5416666666666667e+000
  1.5439814814814814e+000
  1.5462962962962963e+000
  1.5486111111111112e+000
  1.5509259259259260e+000
  1.5532407407407407e+000
  1.5555555555555556e+000
  1.5578703703703702e+000
  1.5601851851851851e+000
  1.5625000000000000e+000
  1.5648148148148149e+000
  1.5671296296296298e+000
  1.5694444444444444e+000
  1.5717592592592593e+000
  1.5740740740740740e+000
  1.5763888888888888e+000
  1.5787037037037037e+000
  1.5810185185185186e+000
  1.5833333333333333e+000
  1.5856481481481481e+000
  1.5879629629629630e+000
  1.5902777777777777e+000
  1.5925925925925926e+000
  1.5949074074074074e+000
  1.5972222222222223e+000
  1.5995370370370370e+000
  1.6018518518518519e+000
  1.6041666666666667e+000
  1.6064814814814814e+000
  1.6087962962962963e+000
  1.6111111111111112e+000
  1.6134259259259260e+000
  1.6157407407407407e+000
  1.6180555555555556e+000
  1.6203703703703702e+000
  1.6226851851851851e+000
  1.6250000000000000e+000
  1.6273148148148149e+000
  1.6296296296296298e+000
  1.6319444444444444e+000
  1.6342592592592593e+000
  1.6365740740740740e+000
  1.6388888888888888e+000
  1.6412037037037037e+000
  1.6435185185185186e+000
  1.6458333333333333e+000
  1.6481481481481481e+000
  1.6504629629629630e+000
  1.6527777777777777e+000
  1.6550925925925926e+000
  1.6574074074074074e+000
  1.6597222222222223e+000
  1.6620370370370370e+000
  1.6643518518518519e+000
  1.6666666666666667e+000
  1.6689814814814814e+000
  1.6712962962962963e+000
  1.6736111111111112e+000
  1.6759259259259260e+000
  1.6782407407407407e+000
  1.6805555555555556e+000
  1.6828703703703702e+000
  1.6851851851851851e+000
  1.6875000000000000e+000
  1.6898148148148149e+000
  1.6921296296296298e+000
  1.6944444444444444e+000
  1.6967592592592593e+000
  1.6990740740740740e+000
  1.7013888888888888e+000
  1.7037037037037037e+000
  1.7060185185185186e+000
  1.7083333333333333e+000
  1.7106481481481481e+000
  1.7129629629629630e+000
  1.7152777777777777e+000
  1.7175925925925926e+000
  1.7199074074074074e+000
  1.7222222222222223e+000
  1.7245370370370370e+000
  1.7268518518518519e+000
  1.7291666666666667e+000
  1.7314814814814814e+000
  1.7337962962962963e+000
  1.7361111111111112e+000
  1.7384259259259260e+000
  1.7407407407407407e+000
  1.7430555555555556e+000
  1.7453703703703702e+000
  1.7476851851851851e+000
  1.7500000000000000e+000
  1.7523148148148149e+000
  1.7546296296296295e+000
  1.7569444444444444e+000
  1.7592592592592593e+000
  1.7615740740740740e+000
  1.7638888888888888e+000
  1.7662037037037037e+000
  1.7685185185185186e+000
  1.7708333333333333e+000
  1.7731481481481481e+000
  1.7754629629629630e+000
  1.7777777777777777e+000
  1.7800925925925926e+000
  1.7824074074074074e+000
  1.7847222222222223e+000
  1.7870370370370370e+000
  1.7893518518518519e+000
  1.7916666666666667e+000
  1.7939814814814814e+000
  1.7962962962962963e+000
  1.7986111111111112e+000
  1.8009259259259260e+000
  1.8032407407407407e+000
  1.8055555555555556e+000
  1.8078703703703705e+000
  1.8101851851851851e+000
  1.8125000000000000e+000
  1.8148148148148149e+000
  1.8171296296296295e+000
  1.8194444444444444e+000
  1.8217592592592593e+000
  1.8240740740740740e+000
  1.8263888888888888e+000
  1.8287037037037037e+000
  1.8310185185185186e+000
  1.8333333333333333e+000
  1.8356481481481481e+000
  1.8379629629629630e+000
  1.8402777777777777e+000
  1.8425925925925926e+000
  1.8449074074074074e+000
  1.8472222222222223e+000
  1.8495370370370370e+000
  1.8518518518518519e+000
  1.8541666666666667e+000
  1.8564814814814814e+000
  1.8587962962962963e+000
  1.8611111111111112e+000
  1.8634259259259260e+000
  1.8657407407407407e+000
  1.8680555555555556e+000
  1.8703703703703705e+000
  1.8726851851851851e+000
  1.8750000000000000e+000
  1.8773148148148149e+000
  1.8796296296296295e+000
  1.8819444444444444e+000
  1.8842592592592593e+000
  1.8865740740740740e+000
  1.8888888888888888e+000
  1.8912037037037037e+000
  1.8935185185185186e+000
  1.8958333333333333e+000
  1.8981481481481481e+000
  1.9004629629629630e+000
  1.9027777777777777e+000
  1.9050925925925926e+000
  1.9074074074074074e+000
  1.9097222222222223e+000
  1.9120370370370370e+000
  1.9143518518518519e+000
  1.9166666666666667e+000
  1.9189814814814814e+000
  1.9212962962962963e+000
  1.9236111111111112e+000
  1.9259259259259260e+000
  1.9282407407407407e+000
  1.9305555555555556e+000
  1.9328703703703705e+000
  1.9351851851851851e+000
  1.9375000000000000e+000
  1.9398148148148149e+000
  1.9421296296296295e+000
  1.9444444444444444e+000
  1.9467592592592593e+000
  1.9490740740740742e+000
  1.9513888888888888e+000
  1.9537037037037037e+000
  1.9560185185185186e+000
  1.9583333333333333e+000
  1.9606481481481481e+000
  1.9629629629629630e+000
  1.9652777777777777e+000
  1.9675925925925926e+000
  1.9699074074074074e+000
  1.9722222222222223e+000
  1.9745370370370370e+000
  1.9768518518518519e+000
  1.9791666666666667e+000
  1.9814814814814814e+000
  1.9837962962962963e+000
  1.9861111111111112e+000
  1.9884259259259258e+000
  1.9907407407407407e+000
  1.9930555555555556e+000
  1.9953703703703705e+000
  1.9976851851851851e+000
  2.0000000000000000e+000
  2.0043478260869563e+000
  2.0086956521739130e+000
  2.0130434782608697e+000
  2.0173913043478260e+000
  2.0217391304347827e+000
  2.0260869565217390e+000
  2.0304347826086957e+000
  2.0347826086956520e+000
  2.0391304347826087e+000
  2.0434782608695654e+000
  2.0478260869565217e+000
  2.0521739130434784e+000
  2.0565217391304347e+000
  2.0608695652173914e+000
  2.0652173913043477e+000
  2.0695652173913044e+000
  2.0739130434782611e+000
  2.0782608695652174e+000
  2.0826086956521737e+000
  2.0869565217391304e+000
  2.0913043478260871e+000
  2.0956521739130434e+000
  2.1000000000000001e+000
  2.1043478260869564e+000
  2.1086956521739131e+000
  2.1130434782608694e+000
  2.1173913043478261e+000
  2.1217391304347828e+000
  2.1260869565217391e+000
  2.1304347826086958e+000
  2.1347826086956521e+000
  2.1391304347826088e+000
  2.1434782608695651e+000
  2.1478260869565218e+000
  2.1521739130434785e+000
  2.1565217391304348e+000
  2.1608695652173910e+000
  2.1652173913043478e+000
  2.1695652173913045e+000
  2.1739130434782608e+000
  2.1782608695652175e+000
  2.1826086956521737e+000
  2.1869565217391305e+000
  2.1913043478260867e+000
  2.1956521739130435e+000
  2.2000000000000002e+000
  2.2043478260869565e+000
  2.2086956521739132e+000
  2.2130434782608694e+000
  2.2173913043478262e+000
  2.2217391304347824e+000
  2.2260869565217392e+000
  2.2304347826086959e+000
  2.2347826086956522e+000
  2.2391304347826084e+000
  2.2434782608695651e+000
  2.2478260869565219e+000
  2.2521739130434781e+000
  2.2565217391304349e+000
  2.2608695652173916e+000
  2.2652173913043478e+000
  2.2695652173913041e+000
  2.2739130434782608e+000
  2.2782608695652176e+000
  2.2826086956521738e+000
  2.2869565217391306e+000
  2.2913043478260868e+000
  2.2956521739130435e+000
  2.2999999999999998e+000
  2.3043478260869565e+000
  2.3086956521739133e+000
  2.3130434782608695e+000
  2.3173913043478263e+000
  2.3217391304347825e+000
  2.3260869565217392e+000
  2.3304347826086955e+000
  2.3347826086956522e+000
  2.3391304347826090e+000
  2.3434782608695652e+000
  2.3478260869565215e+000
  2.3521739130434782e+000
  2.3565217391304349e+000
  2.3608695652173912e+000
  2.3652173913043479e+000
  2.3695652173913042e+000
  2.3739130434782609e+000
  2.3782608695652172e+000
  2.3826086956521739e+000
  2.3869565217391306e+000
  2.3913043478260869e+000
  2.3956521739130436e+000
  2.3999999999999999e+000
  2.4043478260869566e+000
  2.4086956521739129e+000
  2.4130434782608696e+000
  2.4173913043478263e+000
  2.4217391304347826e+000
  2.4260869565217389e+000
  2.4304347826086956e+000
  2.4347826086956523e+000
  2.4391304347826086e+000
  2.4434782608695653e+000
  2.4478260869565216e+000
  2.4521739130434783e+000
  2.4565217391304346e+000
  2.4608695652173913e+000
  2.4652173913043480e+000
  2.4695652173913043e+000
  2.4739130434782610e+000
  2.4782608695652173e+000
  2.4826086956521740e+000
  2.4869565217391303e+000
  2.4913043478260870e+000
  2.4956521739130437e+000
  2.5000000000000000e+000
  2.5043478260869563e+000
  2.5086956521739130e+000
  2.5130434782608697e+000
  2.5173913043478260e+000
  2.5217391304347827e+000
  2.5260869565217390e+000
  2.5304347826086957e+000
  2.5347826086956520e+000
  2.5391304347826087e+000
  2.5434782608695654e+000
  2.5478260869565217e+000
  2.5521739130434784e+000
  2.5565217391304347e+000
  2.5608695652173914e+000
  2.5652173913043477e+000
  2.5695652173913044e+000
  2.5739130434782611e+000
  2.5782608695652174e+000
  2.5826086956521741e+000
  2.5869565217391304e+000
  2.5913043478260871e+000
  2.5956521739130434e+000
  2.6000000000000001e+000
  2.6043478260869564e+000
  2.6086956521739131e+000
  2.6130434782608694e+000
  2.6173913043478261e+000
  2.6217391304347828e+000
  2.6260869565217391e+000
  2.6304347826086958e+000
  2.6347826086956521e+000
  2.6391304347826088e+000
  2.6434782608695651e+000
  2.6478260869565218e+000
  2.6521739130434785e+000
  2.6565217391304348e+000
  2.6608695652173915e+000
  2.6652173913043478e+000
  2.6695652173913045e+000
  2.6739130434782608e+000
  2.6782608695652175e+000
  2.6826086956521737e+000
  2.6869565217391305e+000
  2.6913043478260867e+000
  2.6956521739130435e+000
  2.7000000000000002e+000
  2.7043478260869565e+000
  2.7086956521739132e+000
  2.7130434782608694e+000
  2.7173913043478262e+000
  2.7217391304347824e+000
  2.7260869565217392e+000
  2.7304347826086959e+000
  2.7347826086956522e+000
  2.7391304347826089e+000
  2.7434782608695651e+000
  2.7478260869565219e+000
  2.7521739130434781e+000
  2.7565217391304349e+000
  2.7608695652173911e+000
  2.7652173913043478e+000
  2.7695652173913041e+000
  2.7739130434782608e+000
  2.7782608695652176e+000
  2.7826086956521738e+000
  2.7869565217391306e+000
  2.7913043478260868e+000
  2.7956521739130435e+000
  2.7999999999999998e+000
  2.8043478260869565e+000
  2.8086956521739133e+000
  2.8130434782608695e+000
  2.8173913043478263e+000
  2.8217391304347825e+000
  2.8260869565217392e+000
  2.8304347826086955e+000
  2.8347826086956522e+000
  2.8391304347826085e+000
  2.8434782608695652e+000
  2.8478260869565215e+000
  2.8521739130434782e+000
  2.8565217391304349e+000
  2.8608695652173912e+000
  2.8652173913043479e+000
  2.8695652173913042e+000
  2.8739130434782609e+000
  2.8782608695652172e+000
  2.8826086956521739e+000
  2.8869565217391306e+000
  2.8913043478260869e+000
  2.8956521739130436e+000
  2.8999999999999999e+000
  2.9043478260869566e+000
  2.9086956521739129e+000
  2.9130434782608696e+000
  2.9173913043478259e+000
  2.9217391304347826e+000
  2.9260869565217393e+000
  2.9304347826086956e+000
  2.9347826086956523e+000
  2.9391304347826086e+000
  2.9434782608695653e+000
  2.9478260869565216e+000
  2.9521739130434783e+000
  2.9565217391304346e+000
  2.9608695652173913e+000
  2.9652173913043480e+000
  2.9695652173913043e+000
  2.9739130434782610e+000
  2.9782608695652173e+000
  2.9826086956521740e+000
  2.9869565217391303e+000
  2.9913043478260870e+000
  2.9956521739130433e+000
  3.0000000000000000e+000
  3.0109890109890109e+000
  3.0219780219780219e+000
  3.0329670329670328e+000
  3.0439560439560438e+000
  3.0549450549450547e+000
  3.0659340659340657e+000
  3.0769230769230766e+000
  3.0879120879120880e+000
  3.0989010989010990e+000
  3.1098901098901099e+000
  3.1208791208791209e+000
  3.1318681318681318e+000
  3.1428571428571428e+000
  3.1538461538461537e+000
  3.1648351648351647e+000
  3.1758241758241761e+000
  3.1868131868131870e+000
  3.1978021978021980e+000
  3.2087912087912089e+000
  3.2197802197802199e+000
  3.2307692307692308e+000
  3.2417582417582418e+000
  3.2527472527472527e+000
  3.2637362637362637e+000
  3.2747252747252746e+000
  3.2857142857142856e+000
  3.2967032967032965e+000
  3.3076923076923075e+000
  3.3186813186813184e+000
  3.3296703296703298e+000
  3.3406593406593408e+000
  3.3516483516483517e+000
  3.3626373626373627e+000
  3.3736263736263736e+000
  3.3846153846153846e+000
  3.3956043956043955e+000
  3.4065934065934065e+000
  3.4175824175824174e+000
  3.4285714285714288e+000
  3.4395604395604398e+000
  3.4505494505494507e+000
  3.4615384615384617e+000
  3.4725274725274726e+000
  3.4835164835164836e+000
  3.4945054945054945e+000
  3.5054945054945055e+000
  3.5164835164835164e+000
  3.5274725274725274e+000
  3.5384615384615383e+000
  3.5494505494505493e+000
  3.5604395604395602e+000
  3.5714285714285716e+000
  3.5824175824175826e+000
  3.5934065934065935e+000
  3.6043956043956045e+000
  3.6153846153846154e+000
  3.6263736263736264e+000
  3.6373626373626373e+000
  3.6483516483516483e+000
  3.6593406593406592e+000
  3.6703296703296702e+000
  3.6813186813186816e+000
  3.6923076923076925e+000
  3.7032967032967035e+000
  3.7142857142857144e+000
  3.7252747252747254e+000
  3.7362637362637363e+000
  3.7472527472527473e+000
  3.7582417582417582e+000
  3.7692307692307692e+000
  3.7802197802197801e+000
  3.7912087912087911e+000
  3.8021978021978020e+000
  3.8131868131868130e+000
  3.8241758241758244e+000
  3.8351648351648353e+000
  3.8461538461538463e+000
  3.8571428571428572e+000
  3.8681318681318682e+000
  3.8791208791208791e+000
  3.8901098901098901e+000
  3.9010989010989010e+000
  3.9120879120879120e+000
  3.9230769230769229e+000
  3.9340659340659339e+000
  3.9450549450549453e+000
  3.9560439560439562e+000
  3.9670329670329672e+000
  3.9780219780219781e+000
  3.9890109890109891e+000
  4.0000000000000000e+000
  4.0192307692307692e+000
  4.0384615384615383e+000
  4.0576923076923075e+000
  4.0769230769230766e+000
  4.0961538461538458e+000
  4.1153846153846150e+000
  4.1346153846153850e+000
  4.1538461538461542e+000
  4.1730769230769234e+000
  4.1923076923076925e+000
  4.2115384615384617e+000
  4.2307692307692308e+000
  4.2500000000000000e+000
  4.2692307692307692e+000
  4.2884615384615383e+000
  4.3076923076923075e+000
  4.3269230769230766e+000
  4.3461538461538458e+000
  4.3653846153846150e+000
  4.3846153846153850e+000
  4.4038461538461542e+000
  4.4230769230769234e+000
  4.4423076923076925e+000
  4.4615384615384617e+000
  4.4807692307692308e+000
  4.5000000000000000e+000
  4.5192307692307692e+000
  4.5384615384615383e+000
  4.5576923076923075e+000
  4.5769230769230766e+000
  4.5961538461538458e+000
  4.6153846153846150e+000
  4.6346153846153850e+000
  4.6538461538461542e+000
  4.6730769230769234e+000
  4.6923076923076925e+000
  4.7115384615384617e+000
  4.7307692307692308e+000
  4.7500000000000000e+000
  4.7692307692307692e+000
  4.7884615384615383e+000
  4.8076923076923075e+000
  4.8269230769230766e+000
  4.8461538461538458e+000
  4.8653846153846150e+000
  4.8846153846153850e+000
  4.9038461538461542e+000
  4.9230769230769234e+000
  4.9423076923076925e+000
  4.9615384615384617e+000
  4.9807692307692308e+000
  5.0000000000000000e+000
  5.0270270270270272e+000
  5.0540540540540544e+000
  5.0810810810810807e+000
  5.1081081081081079e+000
  5.1351351351351351e+000
  5.1621621621621623e+000
  5.1891891891891895e+000
  5.2162162162162158e+000
  5.2432432432432430e+000
  5.2702702702702702e+000
  5.2972972972972974e+000
  5.3243243243243246e+000
  5.3513513513513509e+000
  5.3783783783783781e+000
  5.4054054054054053e+000
  5.4324324324324325e+000
  5.4594594594594597e+000
  5.4864864864864868e+000
  5.5135135135135132e+000
  5.5405405405405403e+000
  5.5675675675675675e+000
  5.5945945945945947e+000
  5.6216216216216219e+000
  5.6486486486486482e+000
  5.6756756756756754e+000
  5.7027027027027026e+000
  5.7297297297297298e+000
  5.7567567567567570e+000
  5.7837837837837842e+000
  5.8108108108108105e+000
  5.8378378378378377e+000
  5.8648648648648649e+000
  5.8918918918918921e+000
  5.9189189189189193e+000
  5.9459459459459456e+000
  5.9729729729729728e+000
  6.0000000000000000e+000
  6.0499999999999998e+000
  6.0999999999999996e+000
  6.1500000000000004e+000
  6.2000000000000002e+000
  6.2500000000000000e+000
  6.2999999999999998e+000
  6.3499999999999996e+000
  6.4000000000000004e+000
  6.4500000000000002e+000
  6.5000000000000000e+000
  6.5499999999999998e+000
  6.5999999999999996e+000
  6.6500000000000004e+000
  6.7000000000000002e+000
  6.7500000000000000e+000
  6.7999999999999998e+000
  6.8499999999999996e+000
  6.9000000000000004e+000
  6.9500000000000002e+000
  7.0000000000000000e+000
  7.0769230769230766e+000
  7.1538461538461542e+000
  7.2307692307692308e+000
  7.3076923076923075e+000
  7.3846153846153850e+000
  7.4615384615384617e+000
  7.5384615384615383e+000
  7.6153846153846150e+000
  7.6923076923076925e+000
  7.7692307692307692e+000
  7.8461538461538458e+000
  7.9230769230769234e+000
  8.0000000000000000e+000
  8.1666666666666661e+000
  8.3333333333333339e+000
  8.5000000000000000e+000
  8.6666666666666661e+000
  8.8333333333333339e+000
  9.0000000000000000e+000
  9.1666666666666661e+000
  9.3333333333333339e+000
  9.5000000000000000e+000
  9.6666666666666661e+000
  9.8333333333333339e+000
  1.0000000000000000e+001
  1.0199999999999999e+001
  1.0400000000000000e+001
  1.0600000000000000e+001
  1.0800000000000001e+001
  1.1000000000000000e+001
  1.1500000000000000e+001
  1.2000000000000000e+001
  1.2333333333333334e+001
  1.2666666666666666e+001
  1.3000000000000000e+001
  1.5333333333333334e+001
  1.7666666666666668e+001
  2.0000000000000000e+001
