  0.0000000000000000e+000
  3.3333333333333337e-001
  6.6666666666666674e-001
  1.0000000000000000e+000
  1.0021505376344086e+000
  1.0043010752688173e+000
  1.0064516129032257e+000
  1.0086021505376344e+000
  1.0107526881720430e+000
  1.0129032258064516e+000
  1.0150537634408603e+000
  1.0172043010752687e+000
  1.0193548387096776e+000
  1.0215053763440860e+000
  1.0236559139784946e+000
  1.0258064516129033e+000
  1.0279569892473117e+000
  1.0301075268817206e+000
  1.0322580645161290e+000
  1.0344086021505376e+000
  1.0365591397849463e+000
  1.0387096774193547e+000
  1.0408602150537636e+000
  1.0430107526881720e+000
  1.0451612903225806e+000
  1.0473118279569893e+000
  1.0494623655913977e+000
  1.0516129032258066e+000
  1.0537634408602150e+000
  1.0559139784946237e+000
  1.0580645161290323e+000
  1.0602150537634407e+000
  1.0623655913978496e+000
  1.0645161290322580e+000
  1.0666666666666667e+000
  1.0688172043010753e+000
  1.0709677419354837e+000
  1.0731182795698926e+000
  1.0752688172043010e+000
  1.0774193548387097e+000
  1.0795698924731183e+000
  1.0817204301075267e+000
  1.0838709677419356e+000
  1.0860215053763440e+000
  1.0881720430107527e+000
  1.0903225806451613e+000
  1.0924731182795699e+000
  1.0946236559139786e+000
  1.0967741935483870e+000
  1.0989247311827957e+000
  1.1010752688172043e+000
  1.1032258064516129e+000
  1.1053763440860216e+000
  1.1075268817204300e+000
  1.1096774193548387e+000
  1.1118279569892473e+000
  1.1139784946236559e+000
  1.1161290322580646e+000
  1.1182795698924730e+000
  1.1204301075268819e+000
  1.1225806451612903e+000
  1.1247311827956989e+000
  1.1268817204301076e+000
  1.1290322580645160e+000
  1.1311827956989249e+000
  1.1333333333333333e+000
  1.1354838709677419e+000
  1.1376344086021506e+000
  1.1397849462365590e+000
  1.1419354838709679e+000
  1.1440860215053763e+000
  1.1462365591397849e+000
  1.1483870967741936e+000
  1.1505376344086020e+000
  1.1526881720430109e+000
  1.1548387096774193e+000
  1.1569892473118280e+000
  1.1591397849462366e+000
  1.1612903225806450e+000
  1.1634408602150539e+000
  1.1655913978494623e+000
  1.1677419354838710e+000
  1.1698924731182796e+000
  1.1720430107526880e+000
  1.1741935483870969e+000
  1.1763440860215053e+000
  1.1784946236559140e+000
  1.1806451612903226e+000
  1.1827956989247310e+000
  1.1849462365591399e+000
  1.1870967741935483e+000
  1.1892473118279570e+000
  1.1913978494623656e+000
  1.1935483870967742e+000
  1.1956989247311829e+000
  1.1978494623655913e+000
  1.2000000000000000e+000
  1.2021505376344086e+000
  1.2043010752688172e+000
  1.2064516129032259e+000
  1.2086021505376343e+000
  1.2107526881720430e+000
  1.2129032258064516e+000
  1.2150537634408602e+000
  1.2172043010752689e+000
  1.2193548387096773e+000
  1.2215053763440862e+000
  1.2236559139784946e+000
  1.2258064516129032e+000
  1.2279569892473119e+000
  1.2301075268817203e+000
  1.2322580645161292e+000
  1.2344086021505376e+000
  1.2365591397849462e+000
  1.2387096774193549e+000
  1.2408602150537633e+000
  1.2430107526881722e+000
  1.2451612903225806e+000
  1.2473118279569892e+000
  1.2494623655913979e+000
  1.2516129032258063e+000
  1.2537634408602152e+000
  1.2559139784946236e+000
  1.2580645161290323e+000
  1.2602150537634409e+000
  1.2623655913978493e+000
  1.2645161290322582e+000
  1.2666666666666666e+000
  1.2688172043010753e+000
  1.2709677419354839e+000
  1.2731182795698923e+000
  1.2752688172043012e+000
  1.2774193548387096e+000
  1.2795698924731183e+000
  1.2817204301075269e+000
  1.2838709677419353e+000
  1.2860215053763442e+000
  1.2881720430107526e+000
  1.2903225806451613e+000
  1.2924731182795699e+000
  1.2946236559139785e+000
  1.2967741935483872e+000
  1.2989247311827956e+000
  1.3010752688172043e+000
  1.3032258064516129e+000
  1.3053763440860215e+000
  1.3075268817204302e+000
  1.3096774193548386e+000
  1.3118279569892473e+000
  1.3139784946236559e+000
  1.3161290322580645e+000
  1.3182795698924732e+000
  1.3204301075268816e+000
  1.3225806451612905e+000
  1.3247311827956989e+000
  1.3268817204301075e+000
  1.3290322580645162e+000
  1.3311827956989246e+000
  1.3333333333333335e+000
  1.3354838709677419e+000
  1.3376344086021505e+000
  1.3397849462365592e+000
  1.3419354838709676e+000
  1.3440860215053765e+000
  1.3462365591397849e+000
  1.3483870967741935e+000
  1.3505376344086022e+000
  1.3526881720430106e+000
  1.3548387096774195e+000
  1.3569892473118279e+000
  1.3591397849462366e+000
  1.3612903225806452e+000
  1.3634408602150536e+000
  1.3655913978494625e+000
  1.3677419354838709e+000
  1.3698924731182796e+000
  1.3720430107526882e+000
  1.3741935483870966e+000
  1.3763440860215055e+000
  1.3784946236559139e+000
  1.3806451612903226e+000
  1.3827956989247312e+000
  1.3849462365591396e+000
  1.3870967741935485e+000
  1.3892473118279569e+000
  1.3913978494623656e+000
  1.3935483870967742e+000
  1.3956989247311828e+000
  1.3978494623655915e+000
  1.3999999999999999e+000
  1.4021505376344086e+000
  1.4043010752688172e+000
  1.4064516129032258e+000
  1.4086021505376345e+000
  1.4107526881720429e+000
  1.4129032258064518e+000
  1.4150537634408602e+000
  1.4172043010752688e+000
  1.4193548387096775e+000
  1.4215053763440859e+000
  1.4236559139784948e+000
  1.4258064516129032e+000
  1.4279569892473118e+000
  1.4301075268817205e+000
  1.4322580645161289e+000
  1.4344086021505378e+000
  1.4365591397849462e+000
  1.4387096774193548e+000
  1.4408602150537635e+000
  1.4430107526881719e+000
  1.4451612903225808e+000
  1.4473118279569892e+000
  1.4494623655913978e+000
  1.4516129032258065e+000
  1.4537634408602149e+000
  1.4559139784946238e+000
  1.4580645161290322e+000
  1.4602150537634409e+000
  1.4623655913978495e+000
  1.4645161290322579e+000
  1.4666666666666668e+000
  1.4688172043010752e+000
  1.4709677419354839e+000
  1.4731182795698925e+000
  1.4752688172043009e+000
  1.4774193548387098e+000
  1.4795698924731182e+000
  1.4817204301075269e+000
  1.4838709677419355e+000
  1.4860215053763439e+000
  1.4881720430107528e+000
  1.4903225806451612e+000
  1.4924731182795699e+000
  1.4946236559139785e+000
  1.4967741935483871e+000
  1.4989247311827958e+000
  1.5010752688172042e+000
  1.5032258064516129e+000
  1.5053763440860215e+000
  1.5075268817204301e+000
  1.5096774193548388e+000
  1.5118279569892472e+000
  1.5139784946236559e+000
  1.5161290322580645e+000
  1.5182795698924731e+000
  1.5204301075268818e+000
  1.5225806451612902e+000
  1.5247311827956989e+000
  1.5268817204301075e+000
  1.5290322580645161e+000
  1.5311827956989248e+000
  1.5333333333333332e+000
  1.5354838709677419e+000
  1.5376344086021505e+000
  1.5397849462365591e+000
  1.5419354838709678e+000
  1.5440860215053762e+000
  1.5462365591397851e+000
  1.5483870967741935e+000
  1.5505376344086022e+000
  1.5526881720430108e+000
  1.5548387096774192e+000
  1.5569892473118281e+000
  1.5591397849462365e+000
  1.5612903225806452e+000
  1.5634408602150538e+000
  1.5655913978494624e+000
  1.5677419354838711e+000
  1.5698924731182795e+000
  1.5720430107526882e+000
  1.5741935483870968e+000
  1.5763440860215054e+000
  1.5784946236559141e+000
  1.5806451612903225e+000
  1.5827956989247312e+000
  1.5849462365591398e+000
  1.5870967741935484e+000
  1.5892473118279571e+000
  1.5913978494623655e+000
  1.5935483870967742e+000
  1.5956989247311828e+000
  1.5978494623655914e+000
  1.6000000000000001e+000
  1.6021505376344085e+000
  1.6043010752688172e+000
  1.6064516129032258e+000
  1.6086021505376344e+000
  1.6107526881720431e+000
  1.6129032258064515e+000
  1.6150537634408602e+000
  1.6172043010752688e+000
  1.6193548387096774e+000
  1.6215053763440861e+000
  1.6236559139784945e+000
  1.6258064516129032e+000
  1.6279569892473118e+000
  1.6301075268817204e+000
  1.6322580645161291e+000
  1.6344086021505375e+000
  1.6365591397849462e+000
  1.6387096774193548e+000
  1.6408602150537634e+000
  1.6430107526881721e+000
  1.6451612903225805e+000
  1.6473118279569894e+000
  1.6494623655913978e+000
  1.6516129032258065e+000
  1.6537634408602151e+000
  1.6559139784946235e+000
  1.6580645161290324e+000
  1.6602150537634408e+000
  1.6623655913978495e+000
  1.6645161290322581e+000
  1.6666666666666667e+000
  1.6688172043010754e+000
  1.6709677419354838e+000
  1.6731182795698925e+000
  1.6752688172043011e+000
  1.6774193548387097e+000
  1.6795698924731184e+000
  1.6817204301075268e+000
  1.6838709677419355e+000
  1.6860215053763441e+000
  1.6881720430107527e+000
  1.6903225806451614e+000
  1.6924731182795698e+000
  1.6946236559139785e+000
  1.6967741935483871e+000
  1.6989247311827957e+000
  1.7010752688172044e+000
  1.7032258064516128e+000
  1.7053763440860215e+000
  1.7075268817204301e+000
  1.7096774193548387e+000
  1.7118279569892474e+000
  1.7139784946236558e+000
  1.7161290322580645e+000
  1.7182795698924731e+000
  1.7204301075268817e+000
  1.7225806451612904e+000
  1.7247311827956988e+000
  1.7268817204301075e+000
  1.7290322580645161e+000
  1.7311827956989247e+000
  1.7333333333333334e+000
  1.7354838709677418e+000
  1.7376344086021505e+000
  1.7397849462365591e+000
  1.7419354838709677e+000
  1.7440860215053764e+000
  1.7462365591397848e+000
  1.7483870967741937e+000
  1.7505376344086021e+000
  1.7526881720430108e+000
  1.7548387096774194e+000
  1.7569892473118280e+000
  1.7591397849462365e+000
  1.7612903225806451e+000
  1.7634408602150538e+000
  1.7655913978494624e+000
  1.7677419354838710e+000
  1.7698924731182797e+000
  1.7720430107526881e+000
  1.7741935483870968e+000
  1.7763440860215054e+000
  1.7784946236559140e+000
  1.7806451612903227e+000
  1.7827956989247311e+000
  1.7849462365591398e+000
  1.7870967741935484e+000
  1.7892473118279570e+000
  1.7913978494623657e+000
  1.7935483870967741e+000
  1.7956989247311828e+000
  1.7978494623655914e+000
  1.8000000000000000e+000
  1.8021505376344087e+000
  1.8043010752688171e+000
  1.8064516129032258e+000
  1.8086021505376344e+000
  1.8107526881720430e+000
  1.8129032258064517e+000
  1.8150537634408601e+000
  1.8172043010752688e+000
  1.8193548387096774e+000
  1.8215053763440860e+000
  1.8236559139784947e+000
  1.8258064516129031e+000
  1.8279569892473118e+000
  1.8301075268817204e+000
  1.8322580645161290e+000
  1.8344086021505377e+000
  1.8365591397849461e+000
  1.8387096774193548e+000
  1.8408602150537634e+000
  1.8430107526881720e+000
  1.8451612903225807e+000
  1.8473118279569893e+000
  1.8494623655913978e+000
  1.8516129032258064e+000
  1.8537634408602151e+000
  1.8559139784946237e+000
  1.8580645161290323e+000
  1.8602150537634410e+000
  1.8623655913978494e+000
  1.8645161290322581e+000
  1.8666666666666667e+000
  1.8688172043010753e+000
  1.8709677419354840e+000
  1.8731182795698924e+000
  1.8752688172043011e+000
  1.8774193548387097e+000
  1.8795698924731183e+000
  1.8817204301075270e+000
  1.8838709677419354e+000
  1.8860215053763441e+000
  1.8881720430107527e+000
  1.8903225806451613e+000
  1.8924731182795700e+000
  1.8946236559139784e+000
  1.8967741935483871e+000
  1.8989247311827957e+000
  1.9010752688172043e+000
  1.9032258064516130e+000
  1.9053763440860214e+000
  1.9075268817204301e+000
  1.9096774193548387e+000
  1.9118279569892473e+000
  1.9139784946236560e+000
  1.9161290322580644e+000
  1.9182795698924731e+000
  1.9204301075268817e+000
  1.9225806451612903e+000
  1.9247311827956990e+000
  1.9268817204301074e+000
  1.9290322580645161e+000
  1.9311827956989247e+000
  1.9333333333333333e+000
  1.9354838709677420e+000
  1.9376344086021506e+000
  1.9397849462365591e+000
  1.9419354838709677e+000
  1.9440860215053763e+000
  1.9462365591397850e+000
  1.9483870967741936e+000
  1.9505376344086021e+000
  1.9526881720430107e+000
  1.9548387096774194e+000
  1.9569892473118280e+000
  1.9591397849462366e+000
  1.9612903225806451e+000
  1.9634408602150537e+000
  1.9655913978494624e+000
  1.9677419354838710e+000
  1.9698924731182796e+000
  1.9720430107526881e+000
  1.9741935483870967e+000
  1.9763440860215054e+000
  1.9784946236559140e+000
  1.9806451612903226e+000
  1.9827956989247313e+000
  1.9849462365591397e+000
  1.9870967741935484e+000
  1.9892473118279570e+000
  1.9913978494623656e+000
  1.9935483870967743e+000
  1.9956989247311827e+000
  1.9978494623655914e+000
  2.0000000000000000e+000
  2.0043290043290041e+000
  2.0086580086580086e+000
  2.0129870129870131e+000
  2.0173160173160172e+000
  2.0216450216450217e+000
  2.0259740259740262e+000
  2.0303030303030303e+000
  2.0346320346320348e+000
  2.0389610389610389e+000
  2.0432900432900434e+000
  2.0476190476190474e+000
  2.0519480519480520e+000
  2.0562770562770565e+000
  2.0606060606060606e+000
  2.0649350649350651e+000
  2.0692640692640691e+000
  2.0735930735930737e+000
  2.0779220779220777e+000
  2.0822510822510822e+000
  2.0865800865800868e+000
  2.0909090909090908e+000
  2.0952380952380953e+000
  2.0995670995670994e+000
  2.1038961038961039e+000
  2.1082251082251080e+000
  2.1125541125541125e+000
  2.1168831168831170e+000
  2.1212121212121211e+000
  2.1255411255411256e+000
  2.1298701298701301e+000
  2.1341991341991342e+000
  2.1385281385281383e+000
  2.1428571428571428e+000
  2.1471861471861473e+000
  2.1515151515151514e+000
  2.1558441558441559e+000
  2.1601731601731604e+000
  2.1645021645021645e+000
  2.1688311688311686e+000
  2.1731601731601731e+000
  2.1774891774891776e+000
  2.1818181818181817e+000
  2.1861471861471862e+000
  2.1904761904761907e+000
  2.1948051948051948e+000
  2.1991341991341993e+000
  2.2034632034632033e+000
  2.2077922077922079e+000
  2.2121212121212119e+000
  2.2164502164502164e+000
  2.2207792207792210e+000
  2.2251082251082250e+000
  2.2294372294372296e+000
  2.2337662337662336e+000
  2.2380952380952381e+000
  2.2424242424242422e+000
  2.2467532467532467e+000
  2.2510822510822512e+000
  2.2554112554112553e+000
  2.2597402597402598e+000
  2.2640692640692643e+000
  2.2683982683982684e+000
  2.2727272727272725e+000
  2.2770562770562770e+000
  2.2813852813852815e+000
  2.2857142857142856e+000
  2.2900432900432901e+000
  2.2943722943722946e+000
  2.2987012987012987e+000
  2.3030303030303028e+000
  2.3073593073593073e+000
  2.3116883116883118e+000
  2.3160173160173159e+000
  2.3203463203463204e+000
  2.3246753246753249e+000
  2.3290043290043290e+000
  2.3333333333333335e+000
  2.3376623376623376e+000
  2.3419913419913421e+000
  2.3463203463203461e+000
  2.3506493506493507e+000
  2.3549783549783552e+000
  2.3593073593073592e+000
  2.3636363636363638e+000
  2.3679653679653678e+000
  2.3722943722943723e+000
  2.3766233766233764e+000
  2.3809523809523809e+000
  2.3852813852813854e+000
  2.3896103896103895e+000
  2.3939393939393940e+000
  2.3982683982683981e+000
  2.4025974025974026e+000
  2.4069264069264067e+000
  2.4112554112554112e+000
  2.4155844155844157e+000
  2.4199134199134198e+000
  2.4242424242424243e+000
  2.4285714285714288e+000
  2.4329004329004329e+000
  2.4372294372294370e+000
  2.4415584415584415e+000
  2.4458874458874460e+000
  2.4502164502164501e+000
  2.4545454545454546e+000
  2.4588744588744591e+000
  2.4632034632034632e+000
  2.4675324675324677e+000
  2.4718614718614718e+000
  2.4761904761904763e+000
  2.4805194805194803e+000
  2.4848484848484849e+000
  2.4891774891774894e+000
  2.4935064935064934e+000
  2.4978354978354980e+000
  2.5021645021645020e+000
  2.5064935064935066e+000
  2.5108225108225106e+000
  2.5151515151515151e+000
  2.5194805194805197e+000
  2.5238095238095237e+000
  2.5281385281385282e+000
  2.5324675324675323e+000
  2.5367965367965368e+000
  2.5411255411255409e+000
  2.5454545454545454e+000
  2.5497835497835499e+000
  2.5541125541125540e+000
  2.5584415584415585e+000
  2.5627705627705626e+000
  2.5670995670995671e+000
  2.5714285714285716e+000
  2.5757575757575757e+000
  2.5800865800865802e+000
  2.5844155844155843e+000
  2.5887445887445888e+000
  2.5930735930735933e+000
  2.5974025974025974e+000
  2.6017316017316019e+000
  2.6060606060606060e+000
  2.6103896103896105e+000
  2.6147186147186146e+000
  2.6190476190476191e+000
  2.6233766233766236e+000
  2.6277056277056277e+000
  2.6320346320346322e+000
  2.6363636363636362e+000
  2.6406926406926408e+000
  2.6450216450216448e+000
  2.6493506493506493e+000
  2.6536796536796539e+000
  2.6580086580086579e+000
  2.6623376623376624e+000
  2.6666666666666665e+000
  2.6709956709956710e+000
  2.6753246753246751e+000
  2.6796536796536796e+000
  2.6839826839826841e+000
  2.6883116883116882e+000
  2.6926406926406927e+000
  2.6969696969696968e+000
  2.7012987012987013e+000
  2.7056277056277054e+000
  2.7099567099567099e+000
  2.7142857142857144e+000
  2.7186147186147185e+000
  2.7229437229437230e+000
  2.7272727272727275e+000
  2.7316017316017316e+000
  2.7359307359307361e+000
  2.7402597402597402e+000
  2.7445887445887447e+000
  2.7489177489177488e+000
  2.7532467532467533e+000
  2.7575757575757578e+000
  2.7619047619047619e+000
  2.7662337662337664e+000
  2.7705627705627704e+000
  2.7748917748917750e+000
  2.7792207792207790e+000
  2.7835497835497836e+000
  2.7878787878787881e+000
  2.7922077922077921e+000
  2.7965367965367967e+000
  2.8008658008658007e+000
  2.8051948051948052e+000
  2.8095238095238093e+000
  2.8138528138528138e+000
  2.8181818181818183e+000
  2.8225108225108224e+000
  2.8268398268398269e+000
  2.8311688311688310e+000
  2.8354978354978355e+000
  2.8398268398268400e+000
  2.8441558441558441e+000
  2.8484848484848486e+000
  2.8528138528138527e+000
  2.8571428571428572e+000
  2.8614718614718613e+000
  2.8658008658008658e+000
  2.8701298701298703e+000
  2.8744588744588744e+000
  2.8787878787878789e+000
  2.8831168831168830e+000
  2.8874458874458875e+000
  2.8917748917748920e+000
  2.8961038961038961e+000
  2.9004329004329006e+000
  2.9047619047619047e+000
  2.9090909090909092e+000
  2.9134199134199132e+000
  2.9177489177489178e+000
  2.9220779220779223e+000
  2.9264069264069263e+000
  2.9307359307359309e+000
  2.9350649350649349e+000
  2.9393939393939394e+000
  2.9437229437229435e+000
  2.9480519480519480e+000
  2.9523809523809526e+000
  2.9567099567099566e+000
  2.9610389610389611e+000
  2.9653679653679652e+000
  2.9696969696969697e+000
  2.9740259740259742e+000
  2.9783549783549783e+000
  2.9826839826839828e+000
  2.9870129870129869e+000
  2.9913419913419914e+000
  2.9956709956709955e+000
  3.0000000000000000e+000
  3.0142857142857142e+000
  3.0285714285714285e+000
  3.0428571428571427e+000
  3.0571428571428569e+000
  3.0714285714285712e+000
  3.0857142857142859e+000
  3.1000000000000001e+000
  3.1142857142857143e+000
  3.1285714285714286e+000
  3.1428571428571428e+000
  3.1571428571428570e+000
  3.1714285714285713e+000
  3.1857142857142859e+000
  3.2000000000000002e+000
  3.2142857142857144e+000
  3.2285714285714286e+000
  3.2428571428571429e+000
  3.2571428571428571e+000
  3.2714285714285714e+000
  3.2857142857142856e+000
  3.2999999999999998e+000
  3.3142857142857141e+000
  3.3285714285714287e+000
  3.3428571428571430e+000
  3.3571428571428572e+000
  3.3714285714285714e+000
  3.3857142857142857e+000
  3.3999999999999999e+000
  3.4142857142857141e+000
  3.4285714285714288e+000
  3.4428571428571431e+000
  3.4571428571428573e+000
  3.4714285714285715e+000
  3.4857142857142858e+000
  3.5000000000000000e+000
  3.5142857142857142e+000
  3.5285714285714285e+000
  3.5428571428571427e+000
  3.5571428571428569e+000
  3.5714285714285716e+000
  3.5857142857142859e+000
  3.6000000000000001e+000
  3.6142857142857143e+000
  3.6285714285714286e+000
  3.6428571428571428e+000
  3.6571428571428570e+000
  3.6714285714285713e+000
  3.6857142857142859e+000
  3.7000000000000002e+000
  3.7142857142857144e+000
  3.7285714285714286e+000
  3.7428571428571429e+000
  3.7571428571428571e+000
  3.7714285714285714e+000
  3.7857142857142856e+000
  3.7999999999999998e+000
  3.8142857142857141e+000
  3.8285714285714287e+000
  3.8428571428571430e+000
  3.8571428571428572e+000
  3.8714285714285714e+000
  3.8857142857142857e+000
  3.8999999999999999e+000
  3.9142857142857141e+000
  3.9285714285714284e+000
  3.9428571428571431e+000
  3.9571428571428573e+000
  3.9714285714285715e+000
  3.9857142857142858e+000
  4.0000000000000000e+000
  4.0172413793103452e+000
  4.0344827586206895e+000
  4.0517241379310347e+000
  4.0689655172413790e+000
  4.0862068965517242e+000
  4.1034482758620694e+000
  4.1206896551724137e+000
  4.1379310344827589e+000
  4.1551724137931032e+000
  4.1724137931034484e+000
  4.1896551724137936e+000
  4.2068965517241379e+000
  4.2241379310344831e+000
  4.2413793103448274e+000
  4.2586206896551726e+000
  4.2758620689655169e+000
  4.2931034482758621e+000
  4.3103448275862064e+000
  4.3275862068965516e+000
  4.3448275862068968e+000
  4.3620689655172411e+000
  4.3793103448275863e+000
  4.3965517241379306e+000
  4.4137931034482758e+000
  4.4310344827586210e+000
  4.4482758620689653e+000
  4.4655172413793105e+000
  4.4827586206896548e+000
  4.5000000000000000e+000
  4.5172413793103452e+000
  4.5344827586206895e+000
  4.5517241379310347e+000
  4.5689655172413790e+000
  4.5862068965517242e+000
  4.6034482758620694e+000
  4.6206896551724137e+000
  4.6379310344827589e+000
  4.6551724137931032e+000
  4.6724137931034484e+000
  4.6896551724137927e+000
  4.7068965517241379e+000
  4.7241379310344831e+000
  4.7413793103448274e+000
  4.7586206896551726e+000
  4.7758620689655169e+000
  4.7931034482758621e+000
  4.8103448275862073e+000
  4.8275862068965516e+000
  4.8448275862068968e+000
  4.8620689655172411e+000
  4.8793103448275863e+000
  4.8965517241379306e+000
  4.9137931034482758e+000
  4.9310344827586210e+000
  4.9482758620689653e+000
  4.9655172413793105e+000
  4.9827586206896548e+000
  5.0000000000000000e+000
  5.0270270270270272e+000
  5.0540540540540544e+000
  5.0810810810810807e+000
  5.1081081081081079e+000
  5.1351351351351351e+000
  5.1621621621621623e+000
  5.1891891891891895e+000
  5.2162162162162158e+000
  5.2432432432432430e+000
  5.2702702702702702e+000
  5.2972972972972974e+000
  5.3243243243243246e+000
  5.3513513513513509e+000
  5.3783783783783781e+000
  5.4054054054054053e+000
  5.4324324324324325e+000
  5.4594594594594597e+000
  5.4864864864864868e+000
  5.5135135135135132e+000
  5.5405405405405403e+000
  5.5675675675675675e+000
  5.5945945945945947e+000
  5.6216216216216219e+000
  5.6486486486486482e+000
  5.6756756756756754e+000
  5.7027027027027026e+000
  5.7297297297297298e+000
  5.7567567567567570e+000
  5.7837837837837842e+000
  5.8108108108108105e+000
  5.8378378378378377e+000
  5.8648648648648649e+000
  5.8918918918918921e+000
  5.9189189189189193e+000
  5.9459459459459456e+000
  5.9729729729729728e+000
  6.0000000000000000e+000
  6.0499999999999998e+000
  6.0999999999999996e+000
  6.1500000000000004e+000
  6.2000000000000002e+000
  6.2500000000000000e+000
  6.2999999999999998e+000
  6.3499999999999996e+000
  6.4000000000000004e+000
  6.4500000000000002e+000
  6.5000000000000000e+000
  6.5499999999999998e+000
  6.5999999999999996e+000
  6.6500000000000004e+000
  6.7000000000000002e+000
  6.7500000000000000e+000
  6.7999999999999998e+000
  6.8499999999999996e+000
  6.9000000000000004e+000
  6.9500000000000002e+000
  7.0000000000000000e+000
  7.0833333333333330e+000
  7.1666666666666670e+000
  7.2500000000000000e+000
  7.3333333333333330e+000
  7.4166666666666670e+000
  7.5000000000000000e+000
  7.5833333333333330e+000
  7.6666666666666670e+000
  7.7500000000000000e+000
  7.8333333333333330e+000
  7.9166666666666670e+000
  8.0000000000000000e+000
  8.1999999999999993e+000
  8.4000000000000004e+000
  8.5999999999999996e+000
  8.8000000000000007e+000
  9.0000000000000000e+000
  9.1428571428571423e+000
  9.2857142857142865e+000
  9.4285714285714288e+000
  9.5714285714285712e+000
  9.7142857142857135e+000
  9.8571428571428577e+000
  1.0000000000000000e+001
  1.1000000000000000e+001
  1.1333333333333334e+001
  1.1666666666666666e+001
  1.2000000000000000e+001
  1.2250000000000000e+001
  1.2500000000000000e+001
  1.2750000000000000e+001
  1.3000000000000000e+001
  1.3636363636363637e+001
  1.4272727272727273e+001
  1.4909090909090910e+001
  1.5545454545454547e+001
  1.6181818181818183e+001
  1.6818181818181820e+001
  1.7454545454545453e+001
  1.8090909090909090e+001
  1.8727272727272727e+001
  1.9363636363636363e+001
  2.0000000000000000e+001
