  0.0000000000000000e+000
  3.3333333333333337e-001
  6.6666666666666674e-001
  1.0000000000000000e+000
  1.0020790020790020e+000
  1.0041580041580040e+000
  1.0062370062370061e+000
  1.0083160083160083e+000
  1.0103950103950103e+000
  1.0124740124740126e+000
  1.0145530145530146e+000
  1.0166320166320166e+000
  1.0187110187110187e+000
  1.0207900207900207e+000
  1.0228690228690227e+000
  1.0249480249480249e+000
  1.0270270270270270e+000
  1.0291060291060292e+000
  1.0311850311850312e+000
  1.0332640332640333e+000
  1.0353430353430353e+000
  1.0374220374220373e+000
  1.0395010395010393e+000
  1.0415800415800416e+000
  1.0436590436590436e+000
  1.0457380457380459e+000
  1.0478170478170479e+000
  1.0498960498960499e+000
  1.0519750519750519e+000
  1.0540540540540539e+000
  1.0561330561330560e+000
  1.0582120582120582e+000
  1.0602910602910602e+000
  1.0623700623700625e+000
  1.0644490644490645e+000
  1.0665280665280665e+000
  1.0686070686070686e+000
  1.0706860706860706e+000
  1.0727650727650726e+000
  1.0748440748440748e+000
  1.0769230769230769e+000
  1.0790020790020791e+000
  1.0810810810810811e+000
  1.0831600831600832e+000
  1.0852390852390852e+000
  1.0873180873180872e+000
  1.0893970893970892e+000
  1.0914760914760915e+000
  1.0935550935550935e+000
  1.0956340956340958e+000
  1.0977130977130978e+000
  1.0997920997920998e+000
  1.1018711018711018e+000
  1.1039501039501038e+000
  1.1060291060291059e+000
  1.1081081081081081e+000
  1.1101871101871101e+000
  1.1122661122661124e+000
  1.1143451143451144e+000
  1.1164241164241164e+000
  1.1185031185031185e+000
  1.1205821205821205e+000
  1.1226611226611225e+000
  1.1247401247401247e+000
  1.1268191268191268e+000
  1.1288981288981290e+000
  1.1309771309771310e+000
  1.1330561330561331e+000
  1.1351351351351351e+000
  1.1372141372141371e+000
  1.1392931392931391e+000
  1.1413721413721414e+000
  1.1434511434511434e+000
  1.1455301455301456e+000
  1.1476091476091477e+000
  1.1496881496881497e+000
  1.1517671517671517e+000
  1.1538461538461537e+000
  1.1559251559251558e+000
  1.1580041580041580e+000
  1.1600831600831600e+000
  1.1621621621621623e+000
  1.1642411642411643e+000
  1.1663201663201663e+000
  1.1683991683991684e+000
  1.1704781704781704e+000
  1.1725571725571724e+000
  1.1746361746361746e+000
  1.1767151767151767e+000
  1.1787941787941789e+000
  1.1808731808731809e+000
  1.1829521829521830e+000
  1.1850311850311850e+000
  1.1871101871101870e+000
  1.1891891891891890e+000
  1.1912681912681913e+000
  1.1933471933471933e+000
  1.1954261954261955e+000
  1.1975051975051976e+000
  1.1995841995841996e+000
  1.2016632016632016e+000
  1.2037422037422036e+000
  1.2058212058212057e+000
  1.2079002079002079e+000
  1.2099792099792099e+000
  1.2120582120582122e+000
  1.2141372141372142e+000
  1.2162162162162162e+000
  1.2182952182952183e+000
  1.2203742203742203e+000
  1.2224532224532223e+000
  1.2245322245322245e+000
  1.2266112266112266e+000
  1.2286902286902288e+000
  1.2307692307692308e+000
  1.2328482328482329e+000
  1.2349272349272349e+000
  1.2370062370062369e+000
  1.2390852390852389e+000
  1.2411642411642412e+000
  1.2432432432432432e+000
  1.2453222453222454e+000
  1.2474012474012475e+000
  1.2494802494802495e+000
  1.2515592515592515e+000
  1.2536382536382535e+000
  1.2557172557172556e+000
  1.2577962577962578e+000
  1.2598752598752598e+000
  1.2619542619542621e+000
  1.2640332640332641e+000
  1.2661122661122661e+000
  1.2681912681912682e+000
  1.2702702702702702e+000
  1.2723492723492722e+000
  1.2744282744282744e+000
  1.2765072765072765e+000
  1.2785862785862787e+000
  1.2806652806652807e+000
  1.2827442827442828e+000
  1.2848232848232848e+000
  1.2869022869022868e+000
  1.2889812889812888e+000
  1.2910602910602911e+000
  1.2931392931392931e+000
  1.2952182952182953e+000
  1.2972972972972974e+000
  1.2993762993762994e+000
  1.3014553014553014e+000
  1.3035343035343034e+000
  1.3056133056133055e+000
  1.3076923076923077e+000
  1.3097713097713097e+000
  1.3118503118503120e+000
  1.3139293139293140e+000
  1.3160083160083160e+000
  1.3180873180873180e+000
  1.3201663201663201e+000
  1.3222453222453221e+000
  1.3243243243243243e+000
  1.3264033264033264e+000
  1.3284823284823286e+000
  1.3305613305613306e+000
  1.3326403326403327e+000
  1.3347193347193347e+000
  1.3367983367983367e+000
  1.3388773388773387e+000
  1.3409563409563410e+000
  1.3430353430353430e+000
  1.3451143451143452e+000
  1.3471933471933473e+000
  1.3492723492723493e+000
  1.3513513513513513e+000
  1.3534303534303533e+000
  1.3555093555093554e+000
  1.3575883575883576e+000
  1.3596673596673596e+000
  1.3617463617463619e+000
  1.3638253638253639e+000
  1.3659043659043659e+000
  1.3679833679833679e+000
  1.3700623700623700e+000
  1.3721413721413720e+000
  1.3742203742203742e+000
  1.3762993762993763e+000
  1.3783783783783785e+000
  1.3804573804573805e+000
  1.3825363825363826e+000
  1.3846153846153846e+000
  1.3866943866943866e+000
  1.3887733887733886e+000
  1.3908523908523909e+000
  1.3929313929313929e+000
  1.3950103950103951e+000
  1.3970893970893972e+000
  1.3991683991683992e+000
  1.4012474012474012e+000
  1.4033264033264032e+000
  1.4054054054054053e+000
  1.4074844074844075e+000
  1.4095634095634095e+000
  1.4116424116424118e+000
  1.4137214137214138e+000
  1.4158004158004158e+000
  1.4178794178794178e+000
  1.4199584199584199e+000
  1.4220374220374219e+000
  1.4241164241164241e+000
  1.4261954261954262e+000
  1.4282744282744284e+000
  1.4303534303534304e+000
  1.4324324324324325e+000
  1.4345114345114345e+000
  1.4365904365904365e+000
  1.4386694386694385e+000
  1.4407484407484408e+000
  1.4428274428274428e+000
  1.4449064449064450e+000
  1.4469854469854471e+000
  1.4490644490644491e+000
  1.4511434511434511e+000
  1.4532224532224531e+000
  1.4553014553014552e+000
  1.4573804573804574e+000
  1.4594594594594594e+000
  1.4615384615384617e+000
  1.4636174636174637e+000
  1.4656964656964657e+000
  1.4677754677754677e+000
  1.4698544698544698e+000
  1.4719334719334718e+000
  1.4740124740124740e+000
  1.4760914760914761e+000
  1.4781704781704783e+000
  1.4802494802494803e+000
  1.4823284823284824e+000
  1.4844074844074844e+000
  1.4864864864864864e+000
  1.4885654885654884e+000
  1.4906444906444907e+000
  1.4927234927234927e+000
  1.4948024948024949e+000
  1.4968814968814970e+000
  1.4989604989604990e+000
  1.5010395010395010e+000
  1.5031185031185030e+000
  1.5051975051975051e+000
  1.5072765072765073e+000
  1.5093555093555093e+000
  1.5114345114345114e+000
  1.5135135135135136e+000
  1.5155925155925156e+000
  1.5176715176715176e+000
  1.5197505197505197e+000
  1.5218295218295217e+000
  1.5239085239085239e+000
  1.5259875259875260e+000
  1.5280665280665280e+000
  1.5301455301455302e+000
  1.5322245322245323e+000
  1.5343035343035343e+000
  1.5363825363825363e+000
  1.5384615384615383e+000
  1.5405405405405406e+000
  1.5426195426195426e+000
  1.5446985446985446e+000
  1.5467775467775469e+000
  1.5488565488565489e+000
  1.5509355509355509e+000
  1.5530145530145529e+000
  1.5550935550935550e+000
  1.5571725571725572e+000
  1.5592515592515592e+000
  1.5613305613305613e+000
  1.5634095634095635e+000
  1.5654885654885655e+000
  1.5675675675675675e+000
  1.5696465696465696e+000
  1.5717255717255716e+000
  1.5738045738045738e+000
  1.5758835758835759e+000
  1.5779625779625779e+000
  1.5800415800415801e+000
  1.5821205821205822e+000
  1.5841995841995842e+000
  1.5862785862785862e+000
  1.5883575883575882e+000
  1.5904365904365905e+000
  1.5925155925155925e+000
  1.5945945945945945e+000
  1.5966735966735968e+000
  1.5987525987525988e+000
  1.6008316008316008e+000
  1.6029106029106028e+000
  1.6049896049896049e+000
  1.6070686070686071e+000
  1.6091476091476091e+000
  1.6112266112266111e+000
  1.6133056133056134e+000
  1.6153846153846154e+000
  1.6174636174636174e+000
  1.6195426195426195e+000
  1.6216216216216215e+000
  1.6237006237006237e+000
  1.6257796257796258e+000
  1.6278586278586278e+000
  1.6299376299376300e+000
  1.6320166320166321e+000
  1.6340956340956341e+000
  1.6361746361746361e+000
  1.6382536382536381e+000
  1.6403326403326404e+000
  1.6424116424116424e+000
  1.6444906444906444e+000
  1.6465696465696467e+000
  1.6486486486486487e+000
  1.6507276507276507e+000
  1.6528066528066527e+000
  1.6548856548856548e+000
  1.6569646569646570e+000
  1.6590436590436590e+000
  1.6611226611226610e+000
  1.6632016632016633e+000
  1.6652806652806653e+000
  1.6673596673596673e+000
  1.6694386694386694e+000
  1.6715176715176714e+000
  1.6735966735966736e+000
  1.6756756756756757e+000
  1.6777546777546777e+000
  1.6798336798336799e+000
  1.6819126819126820e+000
  1.6839916839916840e+000
  1.6860706860706860e+000
  1.6881496881496880e+000
  1.6902286902286903e+000
  1.6923076923076923e+000
  1.6943866943866943e+000
  1.6964656964656966e+000
  1.6985446985446986e+000
  1.7006237006237006e+000
  1.7027027027027026e+000
  1.7047817047817047e+000
  1.7068607068607069e+000
  1.7089397089397089e+000
  1.7110187110187109e+000
  1.7130977130977132e+000
  1.7151767151767152e+000
  1.7172557172557172e+000
  1.7193347193347193e+000
  1.7214137214137213e+000
  1.7234927234927235e+000
  1.7255717255717256e+000
  1.7276507276507276e+000
  1.7297297297297298e+000
  1.7318087318087318e+000
  1.7338877338877339e+000
  1.7359667359667359e+000
  1.7380457380457379e+000
  1.7401247401247402e+000
  1.7422037422037422e+000
  1.7442827442827442e+000
  1.7463617463617465e+000
  1.7484407484407485e+000
  1.7505197505197505e+000
  1.7525987525987525e+000
  1.7546777546777546e+000
  1.7567567567567568e+000
  1.7588357588357588e+000
  1.7609147609147608e+000
  1.7629937629937631e+000
  1.7650727650727651e+000
  1.7671517671517671e+000
  1.7692307692307692e+000
  1.7713097713097712e+000
  1.7733887733887734e+000
  1.7754677754677755e+000
  1.7775467775467775e+000
  1.7796257796257797e+000
  1.7817047817047817e+000
  1.7837837837837838e+000
  1.7858627858627858e+000
  1.7879417879417878e+000
  1.7900207900207901e+000
  1.7920997920997921e+000
  1.7941787941787941e+000
  1.7962577962577964e+000
  1.7983367983367984e+000
  1.8004158004158004e+000
  1.8024948024948024e+000
  1.8045738045738045e+000
  1.8066528066528067e+000
  1.8087318087318087e+000
  1.8108108108108107e+000
  1.8128898128898130e+000
  1.8149688149688150e+000
  1.8170478170478170e+000
  1.8191268191268191e+000
  1.8212058212058211e+000
  1.8232848232848233e+000
  1.8253638253638254e+000
  1.8274428274428274e+000
  1.8295218295218296e+000
  1.8316008316008316e+000
  1.8336798336798337e+000
  1.8357588357588357e+000
  1.8378378378378377e+000
  1.8399168399168400e+000
  1.8419958419958420e+000
  1.8440748440748440e+000
  1.8461538461538463e+000
  1.8482328482328483e+000
  1.8503118503118503e+000
  1.8523908523908523e+000
  1.8544698544698544e+000
  1.8565488565488566e+000
  1.8586278586278586e+000
  1.8607068607068606e+000
  1.8627858627858629e+000
  1.8648648648648649e+000
  1.8669438669438669e+000
  1.8690228690228690e+000
  1.8711018711018710e+000
  1.8731808731808732e+000
  1.8752598752598753e+000
  1.8773388773388773e+000
  1.8794178794178795e+000
  1.8814968814968815e+000
  1.8835758835758836e+000
  1.8856548856548856e+000
  1.8877338877338876e+000
  1.8898128898128899e+000
  1.8918918918918919e+000
  1.8939708939708939e+000
  1.8960498960498962e+000
  1.8981288981288982e+000
  1.9002079002079002e+000
  1.9022869022869022e+000
  1.9043659043659042e+000
  1.9064449064449065e+000
  1.9085239085239085e+000
  1.9106029106029105e+000
  1.9126819126819128e+000
  1.9147609147609148e+000
  1.9168399168399168e+000
  1.9189189189189189e+000
  1.9209979209979209e+000
  1.9230769230769231e+000
  1.9251559251559252e+000
  1.9272349272349272e+000
  1.9293139293139294e+000
  1.9313929313929314e+000
  1.9334719334719335e+000
  1.9355509355509355e+000
  1.9376299376299375e+000
  1.9397089397089398e+000
  1.9417879417879418e+000
  1.9438669438669438e+000
  1.9459459459459461e+000
  1.9480249480249481e+000
  1.9501039501039501e+000
  1.9521829521829521e+000
  1.9542619542619541e+000
  1.9563409563409564e+000
  1.9584199584199584e+000
  1.9604989604989604e+000
  1.9625779625779627e+000
  1.9646569646569647e+000
  1.9667359667359667e+000
  1.9688149688149688e+000
  1.9708939708939708e+000
  1.9729729729729730e+000
  1.9750519750519751e+000
  1.9771309771309771e+000
  1.9792099792099793e+000
  1.9812889812889813e+000
  1.9833679833679834e+000
  1.9854469854469854e+000
  1.9875259875259874e+000
  1.9896049896049897e+000
  1.9916839916839917e+000
  1.9937629937629937e+000
  1.9958419958419960e+000
  1.9979209979209980e+000
  2.0000000000000000e+000
  2.0046948356807510e+000
  2.0093896713615025e+000
  2.0140845070422535e+000
  2.0187793427230050e+000
  2.0234741784037560e+000
  2.0281690140845070e+000
  2.0328638497652580e+000
  2.0375586854460095e+000
  2.0422535211267605e+000
  2.0469483568075120e+000
  2.0516431924882630e+000
  2.0563380281690140e+000
  2.0610328638497650e+000
  2.0657276995305165e+000
  2.0704225352112675e+000
  2.0751173708920190e+000
  2.0798122065727700e+000
  2.0845070422535210e+000
  2.0892018779342720e+000
  2.0938967136150235e+000
  2.0985915492957745e+000
  2.1032863849765260e+000
  2.1079812206572770e+000
  2.1126760563380280e+000
  2.1173708920187795e+000
  2.1220657276995305e+000
  2.1267605633802820e+000
  2.1314553990610330e+000
  2.1361502347417840e+000
  2.1408450704225350e+000
  2.1455399061032865e+000
  2.1502347417840375e+000
  2.1549295774647890e+000
  2.1596244131455400e+000
  2.1643192488262910e+000
  2.1690140845070420e+000
  2.1737089201877935e+000
  2.1784037558685445e+000
  2.1830985915492960e+000
  2.1877934272300470e+000
  2.1924882629107980e+000
  2.1971830985915490e+000
  2.2018779342723005e+000
  2.2065727699530515e+000
  2.2112676056338030e+000
  2.2159624413145540e+000
  2.2206572769953050e+000
  2.2253521126760565e+000
  2.2300469483568075e+000
  2.2347417840375585e+000
  2.2394366197183100e+000
  2.2441314553990610e+000
  2.2488262910798120e+000
  2.2535211267605635e+000
  2.2582159624413145e+000
  2.2629107981220660e+000
  2.2676056338028170e+000
  2.2723004694835680e+000
  2.2769953051643190e+000
  2.2816901408450705e+000
  2.2863849765258215e+000
  2.2910798122065730e+000
  2.2957746478873240e+000
  2.3004694835680750e+000
  2.3051643192488260e+000
  2.3098591549295775e+000
  2.3145539906103285e+000
  2.3192488262910800e+000
  2.3239436619718310e+000
  2.3286384976525820e+000
  2.3333333333333335e+000
  2.3380281690140845e+000
  2.3427230046948355e+000
  2.3474178403755870e+000
  2.3521126760563380e+000
  2.3568075117370890e+000
  2.3615023474178405e+000
  2.3661971830985915e+000
  2.3708920187793430e+000
  2.3755868544600940e+000
  2.3802816901408450e+000
  2.3849765258215960e+000
  2.3896713615023475e+000
  2.3943661971830985e+000
  2.3990610328638500e+000
  2.4037558685446010e+000
  2.4084507042253520e+000
  2.4131455399061030e+000
  2.4178403755868545e+000
  2.4225352112676055e+000
  2.4272300469483570e+000
  2.4319248826291080e+000
  2.4366197183098590e+000
  2.4413145539906105e+000
  2.4460093896713615e+000
  2.4507042253521125e+000
  2.4553990610328640e+000
  2.4600938967136150e+000
  2.4647887323943660e+000
  2.4694835680751175e+000
  2.4741784037558685e+000
  2.4788732394366200e+000
  2.4835680751173710e+000
  2.4882629107981220e+000
  2.4929577464788730e+000
  2.4976525821596245e+000
  2.5023474178403755e+000
  2.5070422535211270e+000
  2.5117370892018780e+000
  2.5164319248826290e+000
  2.5211267605633805e+000
  2.5258215962441315e+000
  2.5305164319248825e+000
  2.5352112676056340e+000
  2.5399061032863850e+000
  2.5446009389671360e+000
  2.5492957746478875e+000
  2.5539906103286385e+000
  2.5586854460093895e+000
  2.5633802816901410e+000
  2.5680751173708920e+000
  2.5727699530516430e+000
  2.5774647887323945e+000
  2.5821596244131455e+000
  2.5868544600938965e+000
  2.5915492957746480e+000
  2.5962441314553990e+000
  2.6009389671361500e+000
  2.6056338028169015e+000
  2.6103286384976525e+000
  2.6150234741784040e+000
  2.6197183098591550e+000
  2.6244131455399060e+000
  2.6291079812206570e+000
  2.6338028169014085e+000
  2.6384976525821595e+000
  2.6431924882629110e+000
  2.6478873239436620e+000
  2.6525821596244130e+000
  2.6572769953051645e+000
  2.6619718309859155e+000
  2.6666666666666665e+000
  2.6713615023474180e+000
  2.6760563380281690e+000
  2.6807511737089200e+000
  2.6854460093896715e+000
  2.6901408450704225e+000
  2.6948356807511735e+000
  2.6995305164319250e+000
  2.7042253521126760e+000
  2.7089201877934270e+000
  2.7136150234741785e+000
  2.7183098591549295e+000
  2.7230046948356810e+000
  2.7276995305164320e+000
  2.7323943661971830e+000
  2.7370892018779340e+000
  2.7417840375586855e+000
  2.7464788732394365e+000
  2.7511737089201880e+000
  2.7558685446009390e+000
  2.7605633802816900e+000
  2.7652582159624415e+000
  2.7699530516431925e+000
  2.7746478873239435e+000
  2.7793427230046950e+000
  2.7840375586854460e+000
  2.7887323943661970e+000
  2.7934272300469485e+000
  2.7981220657276995e+000
  2.8028169014084505e+000
  2.8075117370892020e+000
  2.8122065727699530e+000
  2.8169014084507040e+000
  2.8215962441314555e+000
  2.8262910798122065e+000
  2.8309859154929580e+000
  2.8356807511737090e+000
  2.8403755868544600e+000
  2.8450704225352115e+000
  2.8497652582159625e+000
  2.8544600938967135e+000
  2.8591549295774650e+000
  2.8638497652582160e+000
  2.8685446009389670e+000
  2.8732394366197185e+000
  2.8779342723004695e+000
  2.8826291079812205e+000
  2.8873239436619720e+000
  2.8920187793427230e+000
  2.8967136150234740e+000
  2.9014084507042255e+000
  2.9061032863849765e+000
  2.9107981220657275e+000
  2.9154929577464790e+000
  2.9201877934272300e+000
  2.9248826291079810e+000
  2.9295774647887325e+000
  2.9342723004694835e+000
  2.9389671361502345e+000
  2.9436619718309860e+000
  2.9483568075117370e+000
  2.9530516431924885e+000
  2.9577464788732395e+000
  2.9624413145539905e+000
  2.9671361502347420e+000
  2.9718309859154930e+000
  2.9765258215962440e+000
  2.9812206572769955e+000
  2.9859154929577465e+000
  2.9906103286384975e+000
  2.9953051643192490e+000
  3.0000000000000000e+000
  3.0093457943925235e+000
  3.0186915887850470e+000
  3.0280373831775700e+000
  3.0373831775700935e+000
  3.0467289719626169e+000
  3.0560747663551400e+000
  3.0654205607476634e+000
  3.0747663551401869e+000
  3.0841121495327104e+000
  3.0934579439252339e+000
  3.1028037383177569e+000
  3.1121495327102804e+000
  3.1214953271028039e+000
  3.1308411214953269e+000
  3.1401869158878504e+000
  3.1495327102803738e+000
  3.1588785046728973e+000
  3.1682242990654208e+000
  3.1775700934579438e+000
  3.1869158878504673e+000
  3.1962616822429908e+000
  3.2056074766355138e+000
  3.2149532710280373e+000
  3.2242990654205608e+000
  3.2336448598130842e+000
  3.2429906542056077e+000
  3.2523364485981308e+000
  3.2616822429906542e+000
  3.2710280373831777e+000
  3.2803738317757007e+000
  3.2897196261682242e+000
  3.2990654205607477e+000
  3.3084112149532712e+000
  3.3177570093457946e+000
  3.3271028037383177e+000
  3.3364485981308412e+000
  3.3457943925233646e+000
  3.3551401869158877e+000
  3.3644859813084111e+000
  3.3738317757009346e+000
  3.3831775700934581e+000
  3.3925233644859816e+000
  3.4018691588785046e+000
  3.4112149532710281e+000
  3.4205607476635516e+000
  3.4299065420560746e+000
  3.4392523364485981e+000
  3.4485981308411215e+000
  3.4579439252336450e+000
  3.4672897196261685e+000
  3.4766355140186915e+000
  3.4859813084112150e+000
  3.4953271028037385e+000
  3.5046728971962615e+000
  3.5140186915887850e+000
  3.5233644859813085e+000
  3.5327102803738319e+000
  3.5420560747663550e+000
  3.5514018691588785e+000
  3.5607476635514019e+000
  3.5700934579439254e+000
  3.5794392523364484e+000
  3.5887850467289719e+000
  3.5981308411214954e+000
  3.6074766355140189e+000
  3.6168224299065419e+000
  3.6261682242990654e+000
  3.6355140186915889e+000
  3.6448598130841123e+000
  3.6542056074766354e+000
  3.6635514018691588e+000
  3.6728971962616823e+000
  3.6822429906542058e+000
  3.6915887850467288e+000
  3.7009345794392523e+000
  3.7102803738317758e+000
  3.7196261682242993e+000
  3.7289719626168223e+000
  3.7383177570093458e+000
  3.7476635514018692e+000
  3.7570093457943927e+000
  3.7663551401869158e+000
  3.7757009345794392e+000
  3.7850467289719627e+000
  3.7943925233644862e+000
  3.8037383177570092e+000
  3.8130841121495327e+000
  3.8224299065420562e+000
  3.8317757009345796e+000
  3.8411214953271027e+000
  3.8504672897196262e+000
  3.8598130841121496e+000
  3.8691588785046731e+000
  3.8785046728971961e+000
  3.8878504672897196e+000
  3.8971962616822431e+000
  3.9065420560747666e+000
  3.9158878504672896e+000
  3.9252336448598131e+000
  3.9345794392523366e+000
  3.9439252336448600e+000
  3.9532710280373831e+000
  3.9626168224299065e+000
  3.9719626168224300e+000
  3.9813084112149535e+000
  3.9906542056074765e+000
  4.0000000000000000e+000
  4.0208333333333330e+000
  4.0416666666666670e+000
  4.0625000000000000e+000
  4.0833333333333330e+000
  4.1041666666666670e+000
  4.1250000000000000e+000
  4.1458333333333330e+000
  4.1666666666666670e+000
  4.1875000000000000e+000
  4.2083333333333330e+000
  4.2291666666666670e+000
  4.2500000000000000e+000
  4.2708333333333330e+000
  4.2916666666666670e+000
  4.3125000000000000e+000
  4.3333333333333330e+000
  4.3541666666666670e+000
  4.3750000000000000e+000
  4.3958333333333330e+000
  4.4166666666666670e+000
  4.4375000000000000e+000
  4.4583333333333330e+000
  4.4791666666666670e+000
  4.5000000000000000e+000
  4.5208333333333330e+000
  4.5416666666666670e+000
  4.5625000000000000e+000
  4.5833333333333330e+000
  4.6041666666666670e+000
  4.6250000000000000e+000
  4.6458333333333330e+000
  4.6666666666666670e+000
  4.6875000000000000e+000
  4.7083333333333330e+000
  4.7291666666666670e+000
  4.7500000000000000e+000
  4.7708333333333330e+000
  4.7916666666666670e+000
  4.8125000000000000e+000
  4.8333333333333330e+000
  4.8541666666666670e+000
  4.8750000000000000e+000
  4.8958333333333330e+000
  4.9166666666666670e+000
  4.9375000000000000e+000
  4.9583333333333330e+000
  4.9791666666666670e+000
  5.0000000000000000e+000
  5.0370370370370372e+000
  5.0740740740740744e+000
  5.1111111111111107e+000
  5.1481481481481479e+000
  5.1851851851851851e+000
  5.2222222222222223e+000
  5.2592592592592595e+000
  5.2962962962962958e+000
  5.3333333333333330e+000
  5.3703703703703702e+000
  5.4074074074074074e+000
  5.4444444444444446e+000
  5.4814814814814818e+000
  5.5185185185185182e+000
  5.5555555555555554e+000
  5.5925925925925926e+000
  5.6296296296296298e+000
  5.6666666666666670e+000
  5.7037037037037042e+000
  5.7407407407407405e+000
  5.7777777777777777e+000
  5.8148148148148149e+000
  5.8518518518518521e+000
  5.8888888888888893e+000
  5.9259259259259256e+000
  5.9629629629629628e+000
  6.0000000000000000e+000
  6.0588235294117645e+000
  6.1176470588235290e+000
  6.1764705882352944e+000
  6.2352941176470589e+000
  6.2941176470588234e+000
  6.3529411764705879e+000
  6.4117647058823533e+000
  6.4705882352941178e+000
  6.5294117647058822e+000
  6.5882352941176467e+000
  6.6470588235294121e+000
  6.7058823529411766e+000
  6.7647058823529411e+000
  6.8235294117647056e+000
  6.8823529411764710e+000
  6.9411764705882355e+000
  7.0000000000000000e+000
  7.1250000000000000e+000
  7.2500000000000000e+000
  7.3750000000000000e+000
  7.5000000000000000e+000
  7.6250000000000000e+000
  7.7500000000000000e+000
  7.8750000000000000e+000
  8.0000000000000000e+000
  8.0909090909090917e+000
  8.1818181818181817e+000
  8.2727272727272734e+000
  8.3636363636363633e+000
  8.4545454545454550e+000
  8.5454545454545450e+000
  8.6363636363636367e+000
  8.7272727272727266e+000
  8.8181818181818183e+000
  8.9090909090909083e+000
  9.0000000000000000e+000
  9.1999999999999993e+000
  9.4000000000000004e+000
  9.5999999999999996e+000
  9.8000000000000007e+000
  1.0000000000000000e+001
  1.0250000000000000e+001
  1.0500000000000000e+001
  1.0750000000000000e+001
  1.1000000000000000e+001
  1.2000000000000000e+001
  1.2500000000000000e+001
  1.3000000000000000e+001
  1.4750000000000000e+001
  1.6500000000000000e+001
  1.8250000000000000e+001
  2.0000000000000000e+001
