  0.0000000000000000e+000
  3.3333333333333337e-001
  6.6666666666666674e-001
  1.0000000000000000e+000
  1.0028901734104045e+000
  1.0057803468208093e+000
  1.0086705202312138e+000
  1.0115606936416186e+000
  1.0144508670520231e+000
  1.0173410404624277e+000
  1.0202312138728322e+000
  1.0231213872832370e+000
  1.0260115606936417e+000
  1.0289017341040463e+000
  1.0317919075144508e+000
  1.0346820809248554e+000
  1.0375722543352601e+000
  1.0404624277456649e+000
  1.0433526011560694e+000
  1.0462427745664740e+000
  1.0491329479768785e+000
  1.0520231213872833e+000
  1.0549132947976878e+000
  1.0578034682080926e+000
  1.0606936416184971e+000
  1.0635838150289016e+000
  1.0664739884393064e+000
  1.0693641618497109e+000
  1.0722543352601157e+000
  1.0751445086705202e+000
  1.0780346820809248e+000
  1.0809248554913293e+000
  1.0838150289017341e+000
  1.0867052023121389e+000
  1.0895953757225434e+000
  1.0924855491329479e+000
  1.0953757225433525e+000
  1.0982658959537572e+000
  1.1011560693641620e+000
  1.1040462427745665e+000
  1.1069364161849711e+000
  1.1098265895953756e+000
  1.1127167630057804e+000
  1.1156069364161851e+000
  1.1184971098265897e+000
  1.1213872832369942e+000
  1.1242774566473988e+000
  1.1271676300578035e+000
  1.1300578034682081e+000
  1.1329479768786128e+000
  1.1358381502890174e+000
  1.1387283236994219e+000
  1.1416184971098264e+000
  1.1445086705202312e+000
  1.1473988439306360e+000
  1.1502890173410405e+000
  1.1531791907514450e+000
  1.1560693641618496e+000
  1.1589595375722543e+000
  1.1618497109826591e+000
  1.1647398843930636e+000
  1.1676300578034682e+000
  1.1705202312138727e+000
  1.1734104046242775e+000
  1.1763005780346822e+000
  1.1791907514450868e+000
  1.1820809248554913e+000
  1.1849710982658959e+000
  1.1878612716763006e+000
  1.1907514450867052e+000
  1.1936416184971099e+000
  1.1965317919075145e+000
  1.1994219653179190e+000
  1.2023121387283235e+000
  1.2052023121387283e+000
  1.2080924855491331e+000
  1.2109826589595376e+000
  1.2138728323699421e+000
  1.2167630057803467e+000
  1.2196531791907514e+000
  1.2225433526011562e+000
  1.2254335260115607e+000
  1.2283236994219653e+000
  1.2312138728323698e+000
  1.2341040462427746e+000
  1.2369942196531793e+000
  1.2398843930635839e+000
  1.2427745664739884e+000
  1.2456647398843930e+000
  1.2485549132947977e+000
  1.2514450867052023e+000
  1.2543352601156070e+000
  1.2572254335260116e+000
  1.2601156069364161e+000
  1.2630057803468207e+000
  1.2658959537572254e+000
  1.2687861271676302e+000
  1.2716763005780347e+000
  1.2745664739884393e+000
  1.2774566473988438e+000
  1.2803468208092486e+000
  1.2832369942196533e+000
  1.2861271676300579e+000
  1.2890173410404624e+000
  1.2919075144508669e+000
  1.2947976878612717e+000
  1.2976878612716765e+000
  1.3005780346820810e+000
  1.3034682080924855e+000
  1.3063583815028901e+000
  1.3092485549132948e+000
  1.3121387283236994e+000
  1.3150289017341041e+000
  1.3179190751445087e+000
  1.3208092485549132e+000
  1.3236994219653178e+000
  1.3265895953757225e+000
  1.3294797687861273e+000
  1.3323699421965318e+000
  1.3352601156069364e+000
  1.3381502890173409e+000
  1.3410404624277457e+000
  1.3439306358381504e+000
  1.3468208092485550e+000
  1.3497109826589595e+000
  1.3526011560693640e+000
  1.3554913294797688e+000
  1.3583815028901736e+000
  1.3612716763005781e+000
  1.3641618497109826e+000
  1.3670520231213872e+000
  1.3699421965317919e+000
  1.3728323699421965e+000
  1.3757225433526012e+000
  1.3786127167630058e+000
  1.3815028901734103e+000
  1.3843930635838149e+000
  1.3872832369942196e+000
  1.3901734104046244e+000
  1.3930635838150289e+000
  1.3959537572254335e+000
  1.3988439306358380e+000
  1.4017341040462428e+000
  1.4046242774566475e+000
  1.4075144508670521e+000
  1.4104046242774566e+000
  1.4132947976878611e+000
  1.4161849710982659e+000
  1.4190751445086707e+000
  1.4219653179190752e+000
  1.4248554913294798e+000
  1.4277456647398843e+000
  1.4306358381502891e+000
  1.4335260115606936e+000
  1.4364161849710984e+000
  1.4393063583815029e+000
  1.4421965317919074e+000
  1.4450867052023122e+000
  1.4479768786127167e+000
  1.4508670520231215e+000
  1.4537572254335260e+000
  1.4566473988439306e+000
  1.4595375722543351e+000
  1.4624277456647399e+000
  1.4653179190751446e+000
  1.4682080924855492e+000
  1.4710982658959537e+000
  1.4739884393063583e+000
  1.4768786127167630e+000
  1.4797687861271678e+000
  1.4826589595375723e+000
  1.4855491329479769e+000
  1.4884393063583814e+000
  1.4913294797687862e+000
  1.4942196531791907e+000
  1.4971098265895955e+000
  1.5000000000000000e+000
  1.5028901734104045e+000
  1.5057803468208093e+000
  1.5086705202312138e+000
  1.5115606936416186e+000
  1.5144508670520231e+000
  1.5173410404624277e+000
  1.5202312138728324e+000
  1.5231213872832370e+000
  1.5260115606936417e+000
  1.5289017341040463e+000
  1.5317919075144508e+000
  1.5346820809248554e+000
  1.5375722543352601e+000
  1.5404624277456647e+000
  1.5433526011560694e+000
  1.5462427745664740e+000
  1.5491329479768785e+000
  1.5520231213872833e+000
  1.5549132947976878e+000
  1.5578034682080926e+000
  1.5606936416184971e+000
  1.5635838150289016e+000
  1.5664739884393064e+000
  1.5693641618497109e+000
  1.5722543352601157e+000
  1.5751445086705202e+000
  1.5780346820809248e+000
  1.5809248554913296e+000
  1.5838150289017341e+000
  1.5867052023121389e+000
  1.5895953757225434e+000
  1.5924855491329479e+000
  1.5953757225433525e+000
  1.5982658959537572e+000
  1.6011560693641618e+000
  1.6040462427745665e+000
  1.6069364161849711e+000
  1.6098265895953756e+000
  1.6127167630057804e+000
  1.6156069364161849e+000
  1.6184971098265897e+000
  1.6213872832369942e+000
  1.6242774566473988e+000
  1.6271676300578035e+000
  1.6300578034682081e+000
  1.6329479768786128e+000
  1.6358381502890174e+000
  1.6387283236994219e+000
  1.6416184971098267e+000
  1.6445086705202312e+000
  1.6473988439306360e+000
  1.6502890173410405e+000
  1.6531791907514450e+000
  1.6560693641618496e+000
  1.6589595375722543e+000
  1.6618497109826589e+000
  1.6647398843930636e+000
  1.6676300578034682e+000
  1.6705202312138727e+000
  1.6734104046242775e+000
  1.6763005780346820e+000
  1.6791907514450868e+000
  1.6820809248554913e+000
  1.6849710982658959e+000
  1.6878612716763006e+000
  1.6907514450867052e+000
  1.6936416184971099e+000
  1.6965317919075145e+000
  1.6994219653179190e+000
  1.7023121387283238e+000
  1.7052023121387283e+000
  1.7080924855491331e+000
  1.7109826589595376e+000
  1.7138728323699421e+000
  1.7167630057803467e+000
  1.7196531791907514e+000
  1.7225433526011562e+000
  1.7254335260115607e+000
  1.7283236994219653e+000
  1.7312138728323698e+000
  1.7341040462427746e+000
  1.7369942196531791e+000
  1.7398843930635839e+000
  1.7427745664739884e+000
  1.7456647398843930e+000
  1.7485549132947977e+000
  1.7514450867052023e+000
  1.7543352601156070e+000
  1.7572254335260116e+000
  1.7601156069364161e+000
  1.7630057803468209e+000
  1.7658959537572254e+000
  1.7687861271676302e+000
  1.7716763005780347e+000
  1.7745664739884393e+000
  1.7774566473988440e+000
  1.7803468208092486e+000
  1.7832369942196531e+000
  1.7861271676300579e+000
  1.7890173410404624e+000
  1.7919075144508669e+000
  1.7947976878612717e+000
  1.7976878612716762e+000
  1.8005780346820810e+000
  1.8034682080924855e+000
  1.8063583815028901e+000
  1.8092485549132948e+000
  1.8121387283236994e+000
  1.8150289017341041e+000
  1.8179190751445087e+000
  1.8208092485549132e+000
  1.8236994219653180e+000
  1.8265895953757225e+000
  1.8294797687861273e+000
  1.8323699421965318e+000
  1.8352601156069364e+000
  1.8381502890173411e+000
  1.8410404624277457e+000
  1.8439306358381502e+000
  1.8468208092485550e+000
  1.8497109826589595e+000
  1.8526011560693640e+000
  1.8554913294797688e+000
  1.8583815028901733e+000
  1.8612716763005781e+000
  1.8641618497109826e+000
  1.8670520231213872e+000
  1.8699421965317919e+000
  1.8728323699421965e+000
  1.8757225433526012e+000
  1.8786127167630058e+000
  1.8815028901734103e+000
  1.8843930635838151e+000
  1.8872832369942196e+000
  1.8901734104046244e+000
  1.8930635838150289e+000
  1.8959537572254335e+000
  1.8988439306358382e+000
  1.9017341040462428e+000
  1.9046242774566473e+000
  1.9075144508670521e+000
  1.9104046242774566e+000
  1.9132947976878614e+000
  1.9161849710982659e+000
  1.9190751445086704e+000
  1.9219653179190752e+000
  1.9248554913294798e+000
  1.9277456647398843e+000
  1.9306358381502891e+000
  1.9335260115606936e+000
  1.9364161849710984e+000
  1.9393063583815029e+000
  1.9421965317919074e+000
  1.9450867052023122e+000
  1.9479768786127167e+000
  1.9508670520231215e+000
  1.9537572254335260e+000
  1.9566473988439306e+000
  1.9595375722543353e+000
  1.9624277456647399e+000
  1.9653179190751444e+000
  1.9682080924855492e+000
  1.9710982658959537e+000
  1.9739884393063585e+000
  1.9768786127167630e+000
  1.9797687861271676e+000
  1.9826589595375723e+000
  1.9855491329479769e+000
  1.9884393063583814e+000
  1.9913294797687862e+000
  1.9942196531791907e+000
  1.9971098265895955e+000
  2.0000000000000000e+000
  2.0036900369003687e+000
  2.0073800738007379e+000
  2.0110701107011071e+000
  2.0147601476014758e+000
  2.0184501845018450e+000
  2.0221402214022142e+000
  2.0258302583025829e+000
  2.0295202952029521e+000
  2.0332103321033212e+000
  2.0369003690036900e+000
  2.0405904059040592e+000
  2.0442804428044279e+000
  2.0479704797047971e+000
  2.0516605166051658e+000
  2.0553505535055350e+000
  2.0590405904059041e+000
  2.0627306273062729e+000
  2.0664206642066421e+000
  2.0701107011070112e+000
  2.0738007380073800e+000
  2.0774907749077491e+000
  2.0811808118081183e+000
  2.0848708487084870e+000
  2.0885608856088562e+000
  2.0922509225092250e+000
  2.0959409594095941e+000
  2.0996309963099629e+000
  2.1033210332103320e+000
  2.1070110701107012e+000
  2.1107011070110699e+000
  2.1143911439114391e+000
  2.1180811808118083e+000
  2.1217712177121770e+000
  2.1254612546125462e+000
  2.1291512915129154e+000
  2.1328413284132841e+000
  2.1365313653136533e+000
  2.1402214022140220e+000
  2.1439114391143912e+000
  2.1476014760147599e+000
  2.1512915129151291e+000
  2.1549815498154983e+000
  2.1586715867158670e+000
  2.1623616236162362e+000
  2.1660516605166054e+000
  2.1697416974169741e+000
  2.1734317343173433e+000
  2.1771217712177124e+000
  2.1808118081180812e+000
  2.1845018450184504e+000
  2.1881918819188191e+000
  2.1918819188191883e+000
  2.1955719557195570e+000
  2.1992619926199262e+000
  2.2029520295202953e+000
  2.2066420664206641e+000
  2.2103321033210332e+000
  2.2140221402214024e+000
  2.2177121771217712e+000
  2.2214022140221403e+000
  2.2250922509225091e+000
  2.2287822878228782e+000
  2.2324723247232470e+000
  2.2361623616236161e+000
  2.2398523985239853e+000
  2.2435424354243541e+000
  2.2472324723247232e+000
  2.2509225092250924e+000
  2.2546125461254611e+000
  2.2583025830258303e+000
  2.2619926199261995e+000
  2.2656826568265682e+000
  2.2693726937269374e+000
  2.2730627306273061e+000
  2.2767527675276753e+000
  2.2804428044280440e+000
  2.2841328413284132e+000
  2.2878228782287824e+000
  2.2915129151291511e+000
  2.2952029520295203e+000
  2.2988929889298895e+000
  2.3025830258302582e+000
  2.3062730627306274e+000
  2.3099630996309966e+000
  2.3136531365313653e+000
  2.3173431734317345e+000
  2.3210332103321032e+000
  2.3247232472324724e+000
  2.3284132841328411e+000
  2.3321033210332103e+000
  2.3357933579335795e+000
  2.3394833948339482e+000
  2.3431734317343174e+000
  2.3468634686346865e+000
  2.3505535055350553e+000
  2.3542435424354244e+000
  2.3579335793357936e+000
  2.3616236162361623e+000
  2.3653136531365315e+000
  2.3690036900369003e+000
  2.3726937269372694e+000
  2.3763837638376382e+000
  2.3800738007380073e+000
  2.3837638376383765e+000
  2.3874538745387452e+000
  2.3911439114391144e+000
  2.3948339483394836e+000
  2.3985239852398523e+000
  2.4022140221402215e+000
  2.4059040590405907e+000
  2.4095940959409594e+000
  2.4132841328413281e+000
  2.4169741697416973e+000
  2.4206642066420665e+000
  2.4243542435424352e+000
  2.4280442804428044e+000
  2.4317343173431736e+000
  2.4354243542435423e+000
  2.4391143911439115e+000
  2.4428044280442807e+000
  2.4464944649446494e+000
  2.4501845018450186e+000
  2.4538745387453873e+000
  2.4575645756457565e+000
  2.4612546125461252e+000
  2.4649446494464944e+000
  2.4686346863468636e+000
  2.4723247232472323e+000
  2.4760147601476015e+000
  2.4797047970479706e+000
  2.4833948339483394e+000
  2.4870848708487086e+000
  2.4907749077490777e+000
  2.4944649446494465e+000
  2.4981549815498156e+000
  2.5018450184501844e+000
  2.5055350553505535e+000
  2.5092250922509223e+000
  2.5129151291512914e+000
  2.5166051660516606e+000
  2.5202952029520294e+000
  2.5239852398523985e+000
  2.5276752767527677e+000
  2.5313653136531364e+000
  2.5350553505535056e+000
  2.5387453874538743e+000
  2.5424354243542435e+000
  2.5461254612546127e+000
  2.5498154981549814e+000
  2.5535055350553506e+000
  2.5571955719557193e+000
  2.5608856088560885e+000
  2.5645756457564577e+000
  2.5682656826568264e+000
  2.5719557195571956e+000
  2.5756457564575648e+000
  2.5793357933579335e+000
  2.5830258302583027e+000
  2.5867158671586714e+000
  2.5904059040590406e+000
  2.5940959409594098e+000
  2.5977859778597785e+000
  2.6014760147601477e+000
  2.6051660516605164e+000
  2.6088560885608856e+000
  2.6125461254612548e+000
  2.6162361623616235e+000
  2.6199261992619927e+000
  2.6236162361623618e+000
  2.6273062730627306e+000
  2.6309963099630997e+000
  2.6346863468634685e+000
  2.6383763837638377e+000
  2.6420664206642068e+000
  2.6457564575645756e+000
  2.6494464944649447e+000
  2.6531365313653135e+000
  2.6568265682656826e+000
  2.6605166051660518e+000
  2.6642066420664205e+000
  2.6678966789667897e+000
  2.6715867158671589e+000
  2.6752767527675276e+000
  2.6789667896678968e+000
  2.6826568265682655e+000
  2.6863468634686347e+000
  2.6900369003690034e+000
  2.6937269372693726e+000
  2.6974169741697418e+000
  2.7011070110701105e+000
  2.7047970479704797e+000
  2.7084870848708489e+000
  2.7121771217712176e+000
  2.7158671586715868e+000
  2.7195571955719560e+000
  2.7232472324723247e+000
  2.7269372693726939e+000
  2.7306273062730626e+000
  2.7343173431734318e+000
  2.7380073800738005e+000
  2.7416974169741697e+000
  2.7453874538745389e+000
  2.7490774907749076e+000
  2.7527675276752768e+000
  2.7564575645756459e+000
  2.7601476014760147e+000
  2.7638376383763839e+000
  2.7675276752767526e+000
  2.7712177121771218e+000
  2.7749077490774909e+000
  2.7785977859778597e+000
  2.7822878228782288e+000
  2.7859778597785976e+000
  2.7896678966789668e+000
  2.7933579335793359e+000
  2.7970479704797047e+000
  2.8007380073800738e+000
  2.8044280442804430e+000
  2.8081180811808117e+000
  2.8118081180811809e+000
  2.8154981549815496e+000
  2.8191881918819188e+000
  2.8228782287822880e+000
  2.8265682656826567e+000
  2.8302583025830259e+000
  2.8339483394833946e+000
  2.8376383763837638e+000
  2.8413284132841330e+000
  2.8450184501845017e+000
  2.8487084870848709e+000
  2.8523985239852401e+000
  2.8560885608856088e+000
  2.8597785977859780e+000
  2.8634686346863467e+000
  2.8671586715867159e+000
  2.8708487084870851e+000
  2.8745387453874538e+000
  2.8782287822878230e+000
  2.8819188191881917e+000
  2.8856088560885609e+000
  2.8892988929889301e+000
  2.8929889298892988e+000
  2.8966789667896680e+000
  2.9003690036900367e+000
  2.9040590405904059e+000
  2.9077490774907750e+000
  2.9114391143911438e+000
  2.9151291512915130e+000
  2.9188191881918821e+000
  2.9225092250922509e+000
  2.9261992619926200e+000
  2.9298892988929888e+000
  2.9335793357933579e+000
  2.9372693726937271e+000
  2.9409594095940959e+000
  2.9446494464944650e+000
  2.9483394833948338e+000
  2.9520295202952029e+000
  2.9557195571955721e+000
  2.9594095940959408e+000
  2.9630996309963100e+000
  2.9667896678966788e+000
  2.9704797047970479e+000
  2.9741697416974171e+000
  2.9778597785977858e+000
  2.9815498154981550e+000
  2.9852398523985242e+000
  2.9889298892988929e+000
  2.9926199261992621e+000
  2.9963099630996308e+000
  3.0000000000000000e+000
  3.0117647058823529e+000
  3.0235294117647058e+000
  3.0352941176470587e+000
  3.0470588235294116e+000
  3.0588235294117645e+000
  3.0705882352941174e+000
  3.0823529411764707e+000
  3.0941176470588236e+000
  3.1058823529411765e+000
  3.1176470588235294e+000
  3.1294117647058823e+000
  3.1411764705882352e+000
  3.1529411764705881e+000
  3.1647058823529410e+000
  3.1764705882352944e+000
  3.1882352941176473e+000
  3.2000000000000002e+000
  3.2117647058823531e+000
  3.2235294117647060e+000
  3.2352941176470589e+000
  3.2470588235294118e+000
  3.2588235294117647e+000
  3.2705882352941176e+000
  3.2823529411764705e+000
  3.2941176470588234e+000
  3.3058823529411763e+000
  3.3176470588235292e+000
  3.3294117647058825e+000
  3.3411764705882354e+000
  3.3529411764705883e+000
  3.3647058823529412e+000
  3.3764705882352941e+000
  3.3882352941176470e+000
  3.3999999999999999e+000
  3.4117647058823528e+000
  3.4235294117647062e+000
  3.4352941176470591e+000
  3.4470588235294120e+000
  3.4588235294117649e+000
  3.4705882352941178e+000
  3.4823529411764707e+000
  3.4941176470588236e+000
  3.5058823529411764e+000
  3.5176470588235293e+000
  3.5294117647058822e+000
  3.5411764705882351e+000
  3.5529411764705880e+000
  3.5647058823529409e+000
  3.5764705882352943e+000
  3.5882352941176472e+000
  3.6000000000000001e+000
  3.6117647058823530e+000
  3.6235294117647059e+000
  3.6352941176470588e+000
  3.6470588235294117e+000
  3.6588235294117646e+000
  3.6705882352941175e+000
  3.6823529411764708e+000
  3.6941176470588237e+000
  3.7058823529411766e+000
  3.7176470588235295e+000
  3.7294117647058824e+000
  3.7411764705882353e+000
  3.7529411764705882e+000
  3.7647058823529411e+000
  3.7764705882352940e+000
  3.7882352941176469e+000
  3.7999999999999998e+000
  3.8117647058823527e+000
  3.8235294117647061e+000
  3.8352941176470590e+000
  3.8470588235294119e+000
  3.8588235294117648e+000
  3.8705882352941177e+000
  3.8823529411764706e+000
  3.8941176470588235e+000
  3.9058823529411764e+000
  3.9176470588235293e+000
  3.9294117647058822e+000
  3.9411764705882355e+000
  3.9529411764705884e+000
  3.9647058823529413e+000
  3.9764705882352942e+000
  3.9882352941176471e+000
  4.0000000000000000e+000
  4.0149253731343286e+000
  4.0298507462686564e+000
  4.0447761194029850e+000
  4.0597014925373136e+000
  4.0746268656716413e+000
  4.0895522388059700e+000
  4.1044776119402986e+000
  4.1194029850746272e+000
  4.1343283582089549e+000
  4.1492537313432836e+000
  4.1641791044776122e+000
  4.1791044776119399e+000
  4.1940298507462686e+000
  4.2089552238805972e+000
  4.2238805970149258e+000
  4.2388059701492535e+000
  4.2537313432835822e+000
  4.2686567164179108e+000
  4.2835820895522385e+000
  4.2985074626865671e+000
  4.3134328358208958e+000
  4.3283582089552235e+000
  4.3432835820895521e+000
  4.3582089552238807e+000
  4.3731343283582085e+000
  4.3880597014925371e+000
  4.4029850746268657e+000
  4.4179104477611943e+000
  4.4328358208955221e+000
  4.4477611940298507e+000
  4.4626865671641793e+000
  4.4776119402985071e+000
  4.4925373134328357e+000
  4.5074626865671643e+000
  4.5223880597014929e+000
  4.5373134328358207e+000
  4.5522388059701493e+000
  4.5671641791044779e+000
  4.5820895522388057e+000
  4.5970149253731343e+000
  4.6119402985074629e+000
  4.6268656716417906e+000
  4.6417910447761193e+000
  4.6567164179104479e+000
  4.6716417910447765e+000
  4.6865671641791042e+000
  4.7014925373134329e+000
  4.7164179104477615e+000
  4.7313432835820892e+000
  4.7462686567164178e+000
  4.7611940298507465e+000
  4.7761194029850742e+000
  4.7910447761194028e+000
  4.8059701492537314e+000
  4.8208955223880601e+000
  4.8358208955223878e+000
  4.8507462686567164e+000
  4.8656716417910451e+000
  4.8805970149253728e+000
  4.8955223880597014e+000
  4.9104477611940300e+000
  4.9253731343283587e+000
  4.9402985074626864e+000
  4.9552238805970150e+000
  4.9701492537313436e+000
  4.9850746268656714e+000
  5.0000000000000000e+000
  5.0227272727272725e+000
  5.0454545454545450e+000
  5.0681818181818183e+000
  5.0909090909090908e+000
  5.1136363636363633e+000
  5.1363636363636367e+000
  5.1590909090909092e+000
  5.1818181818181817e+000
  5.2045454545454550e+000
  5.2272727272727275e+000
  5.2500000000000000e+000
  5.2727272727272725e+000
  5.2954545454545450e+000
  5.3181818181818183e+000
  5.3409090909090908e+000
  5.3636363636363633e+000
  5.3863636363636367e+000
  5.4090909090909092e+000
  5.4318181818181817e+000
  5.4545454545454550e+000
  5.4772727272727275e+000
  5.5000000000000000e+000
  5.5227272727272725e+000
  5.5454545454545459e+000
  5.5681818181818183e+000
  5.5909090909090908e+000
  5.6136363636363633e+000
  5.6363636363636367e+000
  5.6590909090909092e+000
  5.6818181818181817e+000
  5.7045454545454541e+000
  5.7272727272727275e+000
  5.7500000000000000e+000
  5.7727272727272725e+000
  5.7954545454545459e+000
  5.8181818181818183e+000
  5.8409090909090908e+000
  5.8636363636363633e+000
  5.8863636363636367e+000
  5.9090909090909092e+000
  5.9318181818181817e+000
  5.9545454545454541e+000
  5.9772727272727275e+000
  6.0000000000000000e+000
  6.0400000000000000e+000
  6.0800000000000001e+000
  6.1200000000000001e+000
  6.1600000000000001e+000
  6.2000000000000002e+000
  6.2400000000000002e+000
  6.2800000000000002e+000
  6.3200000000000003e+000
  6.3600000000000003e+000
  6.4000000000000004e+000
  6.4399999999999995e+000
  6.4800000000000004e+000
  6.5199999999999996e+000
  6.5599999999999996e+000
  6.5999999999999996e+000
  6.6399999999999997e+000
  6.6799999999999997e+000
  6.7199999999999998e+000
  6.7599999999999998e+000
  6.7999999999999998e+000
  6.8399999999999999e+000
  6.8799999999999999e+000
  6.9199999999999999e+000
  6.9600000000000000e+000
  7.0000000000000000e+000
  7.0833333333333330e+000
  7.1666666666666670e+000
  7.2500000000000000e+000
  7.3333333333333330e+000
  7.4166666666666670e+000
  7.5000000000000000e+000
  7.5833333333333330e+000
  7.6666666666666670e+000
  7.7500000000000000e+000
  7.8333333333333330e+000
  7.9166666666666670e+000
  8.0000000000000000e+000
  8.1428571428571423e+000
  8.2857142857142865e+000
  8.4285714285714288e+000
  8.5714285714285712e+000
  8.7142857142857135e+000
  8.8571428571428577e+000
  9.0000000000000000e+000
  9.1666666666666661e+000
  9.3333333333333339e+000
  9.5000000000000000e+000
  9.6666666666666661e+000
  9.8333333333333339e+000
  1.0000000000000000e+001
  1.0500000000000000e+001
  1.1000000000000000e+001
  1.1250000000000000e+001
  1.1500000000000000e+001
  1.1750000000000000e+001
  1.2000000000000000e+001
  1.2333333333333334e+001
  1.2666666666666666e+001
  1.3000000000000000e+001
  1.3875000000000000e+001
  1.4750000000000000e+001
  1.5625000000000000e+001
  1.6500000000000000e+001
  1.7375000000000000e+001
  1.8250000000000000e+001
  1.9125000000000000e+001
  2.0000000000000000e+001
