  0.0000000000000000e+000
  3.3333333333333337e-001
  6.6666666666666674e-001
  1.0000000000000000e+000
  1.0028985507246375e+000
  1.0057971014492755e+000
  1.0086956521739130e+000
  1.0115942028985507e+000
  1.0144927536231885e+000
  1.0173913043478260e+000
  1.0202898550724637e+000
  1.0231884057971015e+000
  1.0260869565217390e+000
  1.0289855072463769e+000
  1.0318840579710145e+000
  1.0347826086956522e+000
  1.0376811594202899e+000
  1.0405797101449274e+000
  1.0434782608695652e+000
  1.0463768115942029e+000
  1.0492753623188404e+000
  1.0521739130434784e+000
  1.0550724637681159e+000
  1.0579710144927537e+000
  1.0608695652173914e+000
  1.0637681159420289e+000
  1.0666666666666667e+000
  1.0695652173913044e+000
  1.0724637681159419e+000
  1.0753623188405799e+000
  1.0782608695652174e+000
  1.0811594202898551e+000
  1.0840579710144929e+000
  1.0869565217391304e+000
  1.0898550724637681e+000
  1.0927536231884059e+000
  1.0956521739130434e+000
  1.0985507246376811e+000
  1.1014492753623188e+000
  1.1043478260869564e+000
  1.1072463768115943e+000
  1.1101449275362318e+000
  1.1130434782608696e+000
  1.1159420289855073e+000
  1.1188405797101448e+000
  1.1217391304347826e+000
  1.1246376811594203e+000
  1.1275362318840578e+000
  1.1304347826086958e+000
  1.1333333333333333e+000
  1.1362318840579710e+000
  1.1391304347826088e+000
  1.1420289855072463e+000
  1.1449275362318840e+000
  1.1478260869565218e+000
  1.1507246376811593e+000
  1.1536231884057973e+000
  1.1565217391304348e+000
  1.1594202898550725e+000
  1.1623188405797102e+000
  1.1652173913043478e+000
  1.1681159420289855e+000
  1.1710144927536232e+000
  1.1739130434782608e+000
  1.1768115942028987e+000
  1.1797101449275362e+000
  1.1826086956521737e+000
  1.1855072463768117e+000
  1.1884057971014492e+000
  1.1913043478260870e+000
  1.1942028985507247e+000
  1.1971014492753622e+000
  1.2000000000000000e+000
  1.2028985507246377e+000
  1.2057971014492752e+000
  1.2086956521739132e+000
  1.2115942028985507e+000
  1.2144927536231884e+000
  1.2173913043478262e+000
  1.2202898550724637e+000
  1.2231884057971014e+000
  1.2260869565217392e+000
  1.2289855072463767e+000
  1.2318840579710146e+000
  1.2347826086956522e+000
  1.2376811594202899e+000
  1.2405797101449276e+000
  1.2434782608695651e+000
  1.2463768115942029e+000
  1.2492753623188406e+000
  1.2521739130434781e+000
  1.2550724637681161e+000
  1.2579710144927536e+000
  1.2608695652173914e+000
  1.2637681159420291e+000
  1.2666666666666666e+000
  1.2695652173913043e+000
  1.2724637681159421e+000
  1.2753623188405796e+000
  1.2782608695652173e+000
  1.2811594202898551e+000
  1.2840579710144926e+000
  1.2869565217391306e+000
  1.2898550724637681e+000
  1.2927536231884058e+000
  1.2956521739130435e+000
  1.2985507246376811e+000
  1.3014492753623188e+000
  1.3043478260869565e+000
  1.3072463768115941e+000
  1.3101449275362320e+000
  1.3130434782608695e+000
  1.3159420289855073e+000
  1.3188405797101450e+000
  1.3217391304347825e+000
  1.3246376811594203e+000
  1.3275362318840580e+000
  1.3304347826086955e+000
  1.3333333333333335e+000
  1.3362318840579710e+000
  1.3391304347826087e+000
  1.3420289855072465e+000
  1.3449275362318840e+000
  1.3478260869565217e+000
  1.3507246376811595e+000
  1.3536231884057970e+000
  1.3565217391304349e+000
  1.3594202898550725e+000
  1.3623188405797102e+000
  1.3652173913043479e+000
  1.3681159420289855e+000
  1.3710144927536232e+000
  1.3739130434782609e+000
  1.3768115942028984e+000
  1.3797101449275362e+000
  1.3826086956521739e+000
  1.3855072463768114e+000
  1.3884057971014494e+000
  1.3913043478260869e+000
  1.3942028985507247e+000
  1.3971014492753624e+000
  1.3999999999999999e+000
  1.4028985507246376e+000
  1.4057971014492754e+000
  1.4086956521739129e+000
  1.4115942028985509e+000
  1.4144927536231884e+000
  1.4173913043478261e+000
  1.4202898550724639e+000
  1.4231884057971014e+000
  1.4260869565217391e+000
  1.4289855072463769e+000
  1.4318840579710144e+000
  1.4347826086956523e+000
  1.4376811594202898e+000
  1.4405797101449276e+000
  1.4434782608695653e+000
  1.4463768115942028e+000
  1.4492753623188406e+000
  1.4521739130434783e+000
  1.4550724637681158e+000
  1.4579710144927536e+000
  1.4608695652173913e+000
  1.4637681159420288e+000
  1.4666666666666668e+000
  1.4695652173913043e+000
  1.4724637681159420e+000
  1.4753623188405798e+000
  1.4782608695652173e+000
  1.4811594202898550e+000
  1.4840579710144928e+000
  1.4869565217391303e+000
  1.4898550724637682e+000
  1.4927536231884058e+000
  1.4956521739130435e+000
  1.4985507246376812e+000
  1.5014492753623188e+000
  1.5043478260869565e+000
  1.5072463768115942e+000
  1.5101449275362318e+000
  1.5130434782608695e+000
  1.5159420289855072e+000
  1.5188405797101450e+000
  1.5217391304347827e+000
  1.5246376811594202e+000
  1.5275362318840580e+000
  1.5304347826086957e+000
  1.5333333333333332e+000
  1.5362318840579710e+000
  1.5391304347826087e+000
  1.5420289855072464e+000
  1.5449275362318842e+000
  1.5478260869565217e+000
  1.5507246376811594e+000
  1.5536231884057972e+000
  1.5565217391304347e+000
  1.5594202898550724e+000
  1.5623188405797102e+000
  1.5652173913043479e+000
  1.5681159420289856e+000
  1.5710144927536231e+000
  1.5739130434782609e+000
  1.5768115942028986e+000
  1.5797101449275361e+000
  1.5826086956521739e+000
  1.5855072463768116e+000
  1.5884057971014494e+000
  1.5913043478260869e+000
  1.5942028985507246e+000
  1.5971014492753624e+000
  1.6000000000000001e+000
  1.6028985507246376e+000
  1.6057971014492753e+000
  1.6086956521739131e+000
  1.6115942028985506e+000
  1.6144927536231883e+000
  1.6173913043478261e+000
  1.6202898550724638e+000
  1.6231884057971016e+000
  1.6260869565217391e+000
  1.6289855072463768e+000
  1.6318840579710145e+000
  1.6347826086956521e+000
  1.6376811594202898e+000
  1.6405797101449275e+000
  1.6434782608695653e+000
  1.6463768115942030e+000
  1.6492753623188405e+000
  1.6521739130434783e+000
  1.6550724637681160e+000
  1.6579710144927535e+000
  1.6608695652173913e+000
  1.6637681159420290e+000
  1.6666666666666667e+000
  1.6695652173913045e+000
  1.6724637681159420e+000
  1.6753623188405797e+000
  1.6782608695652175e+000
  1.6811594202898550e+000
  1.6840579710144927e+000
  1.6869565217391305e+000
  1.6898550724637680e+000
  1.6927536231884057e+000
  1.6956521739130435e+000
  1.6985507246376812e+000
  1.7014492753623189e+000
  1.7043478260869565e+000
  1.7072463768115942e+000
  1.7101449275362319e+000
  1.7130434782608694e+000
  1.7159420289855072e+000
  1.7188405797101449e+000
  1.7217391304347827e+000
  1.7246376811594204e+000
  1.7275362318840579e+000
  1.7304347826086957e+000
  1.7333333333333334e+000
  1.7362318840579709e+000
  1.7391304347826086e+000
  1.7420289855072464e+000
  1.7449275362318841e+000
  1.7478260869565219e+000
  1.7507246376811594e+000
  1.7536231884057971e+000
  1.7565217391304349e+000
  1.7594202898550724e+000
  1.7623188405797101e+000
  1.7652173913043478e+000
  1.7681159420289856e+000
  1.7710144927536231e+000
  1.7739130434782608e+000
  1.7768115942028986e+000
  1.7797101449275363e+000
  1.7826086956521738e+000
  1.7855072463768116e+000
  1.7884057971014493e+000
  1.7913043478260871e+000
  1.7942028985507246e+000
  1.7971014492753623e+000
  1.8000000000000000e+000
  1.8028985507246378e+000
  1.8057971014492753e+000
  1.8086956521739130e+000
  1.8115942028985508e+000
  1.8144927536231883e+000
  1.8173913043478260e+000
  1.8202898550724638e+000
  1.8231884057971015e+000
  1.8260869565217392e+000
  1.8289855072463768e+000
  1.8318840579710145e+000
  1.8347826086956522e+000
  1.8376811594202898e+000
  1.8405797101449275e+000
  1.8434782608695652e+000
  1.8463768115942030e+000
  1.8492753623188405e+000
  1.8521739130434782e+000
  1.8550724637681160e+000
  1.8579710144927537e+000
  1.8608695652173912e+000
  1.8637681159420290e+000
  1.8666666666666667e+000
  1.8695652173913044e+000
  1.8724637681159420e+000
  1.8753623188405797e+000
  1.8782608695652174e+000
  1.8811594202898552e+000
  1.8840579710144927e+000
  1.8869565217391304e+000
  1.8898550724637682e+000
  1.8927536231884059e+000
  1.8956521739130434e+000
  1.8985507246376812e+000
  1.9014492753623189e+000
  1.9043478260869566e+000
  1.9072463768115941e+000
  1.9101449275362319e+000
  1.9130434782608696e+000
  1.9159420289855071e+000
  1.9188405797101449e+000
  1.9217391304347826e+000
  1.9246376811594204e+000
  1.9275362318840579e+000
  1.9304347826086956e+000
  1.9333333333333333e+000
  1.9362318840579711e+000
  1.9391304347826086e+000
  1.9420289855072463e+000
  1.9449275362318841e+000
  1.9478260869565218e+000
  1.9507246376811593e+000
  1.9536231884057971e+000
  1.9565217391304348e+000
  1.9594202898550726e+000
  1.9623188405797101e+000
  1.9652173913043478e+000
  1.9681159420289855e+000
  1.9710144927536233e+000
  1.9739130434782608e+000
  1.9768115942028985e+000
  1.9797101449275363e+000
  1.9826086956521740e+000
  1.9855072463768115e+000
  1.9884057971014493e+000
  1.9913043478260870e+000
  1.9942028985507247e+000
  1.9971014492753623e+000
  2.0000000000000000e+000
  2.0035087719298246e+000
  2.0070175438596491e+000
  2.0105263157894737e+000
  2.0140350877192983e+000
  2.0175438596491229e+000
  2.0210526315789474e+000
  2.0245614035087720e+000
  2.0280701754385966e+000
  2.0315789473684212e+000
  2.0350877192982457e+000
  2.0385964912280703e+000
  2.0421052631578949e+000
  2.0456140350877194e+000
  2.0491228070175440e+000
  2.0526315789473686e+000
  2.0561403508771932e+000
  2.0596491228070173e+000
  2.0631578947368423e+000
  2.0666666666666664e+000
  2.0701754385964914e+000
  2.0736842105263156e+000
  2.0771929824561406e+000
  2.0807017543859647e+000
  2.0842105263157897e+000
  2.0877192982456139e+000
  2.0912280701754384e+000
  2.0947368421052630e+000
  2.0982456140350876e+000
  2.1017543859649122e+000
  2.1052631578947367e+000
  2.1087719298245613e+000
  2.1122807017543859e+000
  2.1157894736842104e+000
  2.1192982456140350e+000
  2.1228070175438596e+000
  2.1263157894736842e+000
  2.1298245614035087e+000
  2.1333333333333333e+000
  2.1368421052631579e+000
  2.1403508771929824e+000
  2.1438596491228070e+000
  2.1473684210526316e+000
  2.1508771929824562e+000
  2.1543859649122807e+000
  2.1578947368421053e+000
  2.1614035087719299e+000
  2.1649122807017545e+000
  2.1684210526315790e+000
  2.1719298245614036e+000
  2.1754385964912282e+000
  2.1789473684210527e+000
  2.1824561403508773e+000
  2.1859649122807019e+000
  2.1894736842105265e+000
  2.1929824561403510e+000
  2.1964912280701752e+000
  2.2000000000000002e+000
  2.2035087719298243e+000
  2.2070175438596493e+000
  2.2105263157894735e+000
  2.2140350877192985e+000
  2.2175438596491226e+000
  2.2210526315789476e+000
  2.2245614035087717e+000
  2.2280701754385968e+000
  2.2315789473684209e+000
  2.2350877192982455e+000
  2.2385964912280700e+000
  2.2421052631578946e+000
  2.2456140350877192e+000
  2.2491228070175437e+000
  2.2526315789473683e+000
  2.2561403508771929e+000
  2.2596491228070175e+000
  2.2631578947368420e+000
  2.2666666666666666e+000
  2.2701754385964912e+000
  2.2736842105263158e+000
  2.2771929824561403e+000
  2.2807017543859649e+000
  2.2842105263157895e+000
  2.2877192982456140e+000
  2.2912280701754386e+000
  2.2947368421052632e+000
  2.2982456140350878e+000
  2.3017543859649123e+000
  2.3052631578947369e+000
  2.3087719298245615e+000
  2.3122807017543860e+000
  2.3157894736842106e+000
  2.3192982456140352e+000
  2.3228070175438598e+000
  2.3263157894736843e+000
  2.3298245614035089e+000
  2.3333333333333335e+000
  2.3368421052631581e+000
  2.3403508771929822e+000
  2.3438596491228072e+000
  2.3473684210526313e+000
  2.3508771929824563e+000
  2.3543859649122805e+000
  2.3578947368421055e+000
  2.3614035087719296e+000
  2.3649122807017546e+000
  2.3684210526315788e+000
  2.3719298245614038e+000
  2.3754385964912279e+000
  2.3789473684210525e+000
  2.3824561403508770e+000
  2.3859649122807016e+000
  2.3894736842105262e+000
  2.3929824561403508e+000
  2.3964912280701753e+000
  2.3999999999999999e+000
  2.4035087719298245e+000
  2.4070175438596491e+000
  2.4105263157894736e+000
  2.4140350877192982e+000
  2.4175438596491228e+000
  2.4210526315789473e+000
  2.4245614035087719e+000
  2.4280701754385965e+000
  2.4315789473684211e+000
  2.4350877192982456e+000
  2.4385964912280702e+000
  2.4421052631578948e+000
  2.4456140350877194e+000
  2.4491228070175439e+000
  2.4526315789473685e+000
  2.4561403508771931e+000
  2.4596491228070176e+000
  2.4631578947368422e+000
  2.4666666666666668e+000
  2.4701754385964914e+000
  2.4736842105263159e+000
  2.4771929824561405e+000
  2.4807017543859651e+000
  2.4842105263157892e+000
  2.4877192982456142e+000
  2.4912280701754383e+000
  2.4947368421052634e+000
  2.4982456140350875e+000
  2.5017543859649125e+000
  2.5052631578947366e+000
  2.5087719298245617e+000
  2.5122807017543858e+000
  2.5157894736842104e+000
  2.5192982456140349e+000
  2.5228070175438595e+000
  2.5263157894736841e+000
  2.5298245614035086e+000
  2.5333333333333332e+000
  2.5368421052631578e+000
  2.5403508771929824e+000
  2.5438596491228069e+000
  2.5473684210526315e+000
  2.5508771929824561e+000
  2.5543859649122806e+000
  2.5578947368421052e+000
  2.5614035087719298e+000
  2.5649122807017544e+000
  2.5684210526315789e+000
  2.5719298245614035e+000
  2.5754385964912281e+000
  2.5789473684210527e+000
  2.5824561403508772e+000
  2.5859649122807018e+000
  2.5894736842105264e+000
  2.5929824561403509e+000
  2.5964912280701755e+000
  2.6000000000000001e+000
  2.6035087719298247e+000
  2.6070175438596492e+000
  2.6105263157894738e+000
  2.6140350877192984e+000
  2.6175438596491230e+000
  2.6210526315789475e+000
  2.6245614035087721e+000
  2.6280701754385967e+000
  2.6315789473684212e+000
  2.6350877192982454e+000
  2.6385964912280704e+000
  2.6421052631578945e+000
  2.6456140350877195e+000
  2.6491228070175437e+000
  2.6526315789473682e+000
  2.6561403508771928e+000
  2.6596491228070174e+000
  2.6631578947368419e+000
  2.6666666666666665e+000
  2.6701754385964911e+000
  2.6736842105263157e+000
  2.6771929824561402e+000
  2.6807017543859648e+000
  2.6842105263157894e+000
  2.6877192982456140e+000
  2.6912280701754385e+000
  2.6947368421052631e+000
  2.6982456140350877e+000
  2.7017543859649122e+000
  2.7052631578947368e+000
  2.7087719298245614e+000
  2.7122807017543860e+000
  2.7157894736842105e+000
  2.7192982456140351e+000
  2.7228070175438597e+000
  2.7263157894736842e+000
  2.7298245614035088e+000
  2.7333333333333334e+000
  2.7368421052631580e+000
  2.7403508771929825e+000
  2.7438596491228071e+000
  2.7473684210526317e+000
  2.7508771929824563e+000
  2.7543859649122808e+000
  2.7578947368421054e+000
  2.7614035087719300e+000
  2.7649122807017545e+000
  2.7684210526315791e+000
  2.7719298245614037e+000
  2.7754385964912283e+000
  2.7789473684210528e+000
  2.7824561403508774e+000
  2.7859649122807015e+000
  2.7894736842105265e+000
  2.7929824561403507e+000
  2.7964912280701753e+000
  2.7999999999999998e+000
  2.8035087719298244e+000
  2.8070175438596490e+000
  2.8105263157894735e+000
  2.8140350877192981e+000
  2.8175438596491227e+000
  2.8210526315789473e+000
  2.8245614035087718e+000
  2.8280701754385964e+000
  2.8315789473684210e+000
  2.8350877192982455e+000
  2.8385964912280701e+000
  2.8421052631578947e+000
  2.8456140350877193e+000
  2.8491228070175438e+000
  2.8526315789473684e+000
  2.8561403508771930e+000
  2.8596491228070176e+000
  2.8631578947368421e+000
  2.8666666666666667e+000
  2.8701754385964913e+000
  2.8736842105263158e+000
  2.8771929824561404e+000
  2.8807017543859650e+000
  2.8842105263157896e+000
  2.8877192982456141e+000
  2.8912280701754387e+000
  2.8947368421052633e+000
  2.8982456140350878e+000
  2.9017543859649124e+000
  2.9052631578947370e+000
  2.9087719298245616e+000
  2.9122807017543861e+000
  2.9157894736842107e+000
  2.9192982456140353e+000
  2.9228070175438599e+000
  2.9263157894736844e+000
  2.9298245614035086e+000
  2.9333333333333331e+000
  2.9368421052631577e+000
  2.9403508771929823e+000
  2.9438596491228068e+000
  2.9473684210526314e+000
  2.9508771929824560e+000
  2.9543859649122806e+000
  2.9578947368421051e+000
  2.9614035087719297e+000
  2.9649122807017543e+000
  2.9684210526315788e+000
  2.9719298245614034e+000
  2.9754385964912280e+000
  2.9789473684210526e+000
  2.9824561403508771e+000
  2.9859649122807017e+000
  2.9894736842105263e+000
  2.9929824561403509e+000
  2.9964912280701754e+000
  3.0000000000000000e+000
  3.0081967213114753e+000
  3.0163934426229506e+000
  3.0245901639344264e+000
  3.0327868852459017e+000
  3.0409836065573770e+000
  3.0491803278688527e+000
  3.0573770491803280e+000
  3.0655737704918034e+000
  3.0737704918032787e+000
  3.0819672131147540e+000
  3.0901639344262293e+000
  3.0983606557377050e+000
  3.1065573770491803e+000
  3.1147540983606556e+000
  3.1229508196721314e+000
  3.1311475409836067e+000
  3.1393442622950820e+000
  3.1475409836065573e+000
  3.1557377049180326e+000
  3.1639344262295079e+000
  3.1721311475409837e+000
  3.1803278688524590e+000
  3.1885245901639343e+000
  3.1967213114754101e+000
  3.2049180327868854e+000
  3.2131147540983607e+000
  3.2213114754098360e+000
  3.2295081967213113e+000
  3.2377049180327870e+000
  3.2459016393442623e+000
  3.2540983606557377e+000
  3.2622950819672130e+000
  3.2704918032786887e+000
  3.2786885245901640e+000
  3.2868852459016393e+000
  3.2950819672131146e+000
  3.3032786885245899e+000
  3.3114754098360657e+000
  3.3196721311475410e+000
  3.3278688524590163e+000
  3.3360655737704921e+000
  3.3442622950819674e+000
  3.3524590163934427e+000
  3.3606557377049180e+000
  3.3688524590163933e+000
  3.3770491803278686e+000
  3.3852459016393444e+000
  3.3934426229508197e+000
  3.4016393442622950e+000
  3.4098360655737707e+000
  3.4180327868852460e+000
  3.4262295081967213e+000
  3.4344262295081966e+000
  3.4426229508196720e+000
  3.4508196721311473e+000
  3.4590163934426230e+000
  3.4672131147540983e+000
  3.4754098360655736e+000
  3.4836065573770494e+000
  3.4918032786885247e+000
  3.5000000000000000e+000
  3.5081967213114753e+000
  3.5163934426229506e+000
  3.5245901639344264e+000
  3.5327868852459017e+000
  3.5409836065573770e+000
  3.5491803278688523e+000
  3.5573770491803280e+000
  3.5655737704918034e+000
  3.5737704918032787e+000
  3.5819672131147540e+000
  3.5901639344262293e+000
  3.5983606557377050e+000
  3.6065573770491803e+000
  3.6147540983606556e+000
  3.6229508196721314e+000
  3.6311475409836067e+000
  3.6393442622950820e+000
  3.6475409836065573e+000
  3.6557377049180326e+000
  3.6639344262295084e+000
  3.6721311475409837e+000
  3.6803278688524590e+000
  3.6885245901639343e+000
  3.6967213114754101e+000
  3.7049180327868854e+000
  3.7131147540983607e+000
  3.7213114754098360e+000
  3.7295081967213113e+000
  3.7377049180327870e+000
  3.7459016393442623e+000
  3.7540983606557377e+000
  3.7622950819672130e+000
  3.7704918032786887e+000
  3.7786885245901640e+000
  3.7868852459016393e+000
  3.7950819672131146e+000
  3.8032786885245899e+000
  3.8114754098360657e+000
  3.8196721311475410e+000
  3.8278688524590163e+000
  3.8360655737704916e+000
  3.8442622950819674e+000
  3.8524590163934427e+000
  3.8606557377049180e+000
  3.8688524590163933e+000
  3.8770491803278690e+000
  3.8852459016393444e+000
  3.8934426229508197e+000
  3.9016393442622950e+000
  3.9098360655737703e+000
  3.9180327868852460e+000
  3.9262295081967213e+000
  3.9344262295081966e+000
  3.9426229508196720e+000
  3.9508196721311477e+000
  3.9590163934426230e+000
  3.9672131147540983e+000
  3.9754098360655736e+000
  3.9836065573770494e+000
  3.9918032786885247e+000
  4.0000000000000000e+000
  4.0217391304347823e+000
  4.0434782608695654e+000
  4.0652173913043477e+000
  4.0869565217391308e+000
  4.1086956521739131e+000
  4.1304347826086953e+000
  4.1521739130434785e+000
  4.1739130434782608e+000
  4.1956521739130430e+000
  4.2173913043478262e+000
  4.2391304347826084e+000
  4.2608695652173916e+000
  4.2826086956521738e+000
  4.3043478260869570e+000
  4.3260869565217392e+000
  4.3478260869565215e+000
  4.3695652173913047e+000
  4.3913043478260869e+000
  4.4130434782608692e+000
  4.4347826086956523e+000
  4.4565217391304346e+000
  4.4782608695652177e+000
  4.5000000000000000e+000
  4.5217391304347823e+000
  4.5434782608695654e+000
  4.5652173913043477e+000
  4.5869565217391308e+000
  4.6086956521739131e+000
  4.6304347826086953e+000
  4.6521739130434785e+000
  4.6739130434782608e+000
  4.6956521739130430e+000
  4.7173913043478262e+000
  4.7391304347826084e+000
  4.7608695652173916e+000
  4.7826086956521738e+000
  4.8043478260869561e+000
  4.8260869565217392e+000
  4.8478260869565215e+000
  4.8695652173913047e+000
  4.8913043478260869e+000
  4.9130434782608692e+000
  4.9347826086956523e+000
  4.9565217391304346e+000
  4.9782608695652177e+000
  5.0000000000000000e+000
  5.0312500000000000e+000
  5.0625000000000000e+000
  5.0937500000000000e+000
  5.1250000000000000e+000
  5.1562500000000000e+000
  5.1875000000000000e+000
  5.2187500000000000e+000
  5.2500000000000000e+000
  5.2812500000000000e+000
  5.3125000000000000e+000
  5.3437500000000000e+000
  5.3750000000000000e+000
  5.4062500000000000e+000
  5.4375000000000000e+000
  5.4687500000000000e+000
  5.5000000000000000e+000
  5.5312500000000000e+000
  5.5625000000000000e+000
  5.5937500000000000e+000
  5.6250000000000000e+000
  5.6562500000000000e+000
  5.6875000000000000e+000
  5.7187500000000000e+000
  5.7500000000000000e+000
  5.7812500000000000e+000
  5.8125000000000000e+000
  5.8437500000000000e+000
  5.8750000000000000e+000
  5.9062500000000000e+000
  5.9375000000000000e+000
  5.9687500000000000e+000
  6.0000000000000000e+000
  6.0434782608695654e+000
  6.0869565217391308e+000
  6.1304347826086953e+000
  6.1739130434782608e+000
  6.2173913043478262e+000
  6.2608695652173916e+000
  6.3043478260869570e+000
  6.3478260869565215e+000
  6.3913043478260869e+000
  6.4347826086956523e+000
  6.4782608695652177e+000
  6.5217391304347823e+000
  6.5652173913043477e+000
  6.6086956521739131e+000
  6.6521739130434785e+000
  6.6956521739130430e+000
  6.7391304347826084e+000
  6.7826086956521738e+000
  6.8260869565217392e+000
  6.8695652173913047e+000
  6.9130434782608692e+000
  6.9565217391304346e+000
  7.0000000000000000e+000
  7.0833333333333330e+000
  7.1666666666666670e+000
  7.2500000000000000e+000
  7.3333333333333330e+000
  7.4166666666666670e+000
  7.5000000000000000e+000
  7.5833333333333330e+000
  7.6666666666666670e+000
  7.7500000000000000e+000
  7.8333333333333330e+000
  7.9166666666666670e+000
  8.0000000000000000e+000
  8.1666666666666661e+000
  8.3333333333333339e+000
  8.5000000000000000e+000
  8.6666666666666661e+000
  8.8333333333333339e+000
  9.0000000000000000e+000
  9.1999999999999993e+000
  9.4000000000000004e+000
  9.5999999999999996e+000
  9.8000000000000007e+000
  1.0000000000000000e+001
  1.0250000000000000e+001
  1.0500000000000000e+001
  1.0750000000000000e+001
  1.1000000000000000e+001
  1.2000000000000000e+001
  1.2500000000000000e+001
  1.3000000000000000e+001
  1.4399999999999999e+001
  1.5800000000000001e+001
  1.7199999999999999e+001
  1.8600000000000001e+001
  2.0000000000000000e+001
