  0.0000000000000000e+000
  3.3333333333333337e-001
  6.6666666666666674e-001
  1.0000000000000000e+000
  1.0020790020790020e+000
  1.0041580041580040e+000
  1.0062370062370061e+000
  1.0083160083160083e+000
  1.0103950103950103e+000
  1.0124740124740126e+000
  1.0145530145530146e+000
  1.0166320166320166e+000
  1.0187110187110187e+000
  1.0207900207900207e+000
  1.0228690228690227e+000
  1.0249480249480249e+000
  1.0270270270270270e+000
  1.0291060291060292e+000
  1.0311850311850312e+000
  1.0332640332640333e+000
  1.0353430353430353e+000
  1.0374220374220373e+000
  1.0395010395010393e+000
  1.0415800415800416e+000
  1.0436590436590436e+000
  1.0457380457380459e+000
  1.0478170478170479e+000
  1.0498960498960499e+000
  1.0519750519750519e+000
  1.0540540540540539e+000
  1.0561330561330560e+000
  1.0582120582120582e+000
  1.0602910602910602e+000
  1.0623700623700625e+000
  1.0644490644490645e+000
  1.0665280665280665e+000
  1.0686070686070686e+000
  1.0706860706860706e+000
  1.0727650727650726e+000
  1.0748440748440748e+000
  1.0769230769230769e+000
  1.0790020790020791e+000
  1.0810810810810811e+000
  1.0831600831600832e+000
  1.0852390852390852e+000
  1.0873180873180872e+000
  1.0893970893970892e+000
  1.0914760914760915e+000
  1.0935550935550935e+000
  1.0956340956340958e+000
  1.0977130977130978e+000
  1.0997920997920998e+000
  1.1018711018711018e+000
  1.1039501039501038e+000
  1.1060291060291059e+000
  1.1081081081081081e+000
  1.1101871101871101e+000
  1.1122661122661124e+000
  1.1143451143451144e+000
  1.1164241164241164e+000
  1.1185031185031185e+000
  1.1205821205821205e+000
  1.1226611226611225e+000
  1.1247401247401247e+000
  1.1268191268191268e+000
  1.1288981288981290e+000
  1.1309771309771310e+000
  1.1330561330561331e+000
  1.1351351351351351e+000
  1.1372141372141371e+000
  1.1392931392931391e+000
  1.1413721413721414e+000
  1.1434511434511434e+000
  1.1455301455301456e+000
  1.1476091476091477e+000
  1.1496881496881497e+000
  1.1517671517671517e+000
  1.1538461538461537e+000
  1.1559251559251558e+000
  1.1580041580041580e+000
  1.1600831600831600e+000
  1.1621621621621623e+000
  1.1642411642411643e+000
  1.1663201663201663e+000
  1.1683991683991684e+000
  1.1704781704781704e+000
  1.1725571725571724e+000
  1.1746361746361746e+000
  1.1767151767151767e+000
  1.1787941787941789e+000
  1.1808731808731809e+000
  1.1829521829521830e+000
  1.1850311850311850e+000
  1.1871101871101870e+000
  1.1891891891891890e+000
  1.1912681912681913e+000
  1.1933471933471933e+000
  1.1954261954261955e+000
  1.1975051975051976e+000
  1.1995841995841996e+000
  1.2016632016632016e+000
  1.2037422037422036e+000
  1.2058212058212057e+000
  1.2079002079002079e+000
  1.2099792099792099e+000
  1.2120582120582122e+000
  1.2141372141372142e+000
  1.2162162162162162e+000
  1.2182952182952183e+000
  1.2203742203742203e+000
  1.2224532224532223e+000
  1.2245322245322245e+000
  1.2266112266112266e+000
  1.2286902286902288e+000
  1.2307692307692308e+000
  1.2328482328482329e+000
  1.2349272349272349e+000
  1.2370062370062369e+000
  1.2390852390852389e+000
  1.2411642411642412e+000
  1.2432432432432432e+000
  1.2453222453222454e+000
  1.2474012474012475e+000
  1.2494802494802495e+000
  1.2515592515592515e+000
  1.2536382536382535e+000
  1.2557172557172556e+000
  1.2577962577962578e+000
  1.2598752598752598e+000
  1.2619542619542621e+000
  1.2640332640332641e+000
  1.2661122661122661e+000
  1.2681912681912682e+000
  1.2702702702702702e+000
  1.2723492723492722e+000
  1.2744282744282744e+000
  1.2765072765072765e+000
  1.2785862785862787e+000
  1.2806652806652807e+000
  1.2827442827442828e+000
  1.2848232848232848e+000
  1.2869022869022868e+000
  1.2889812889812888e+000
  1.2910602910602911e+000
  1.2931392931392931e+000
  1.2952182952182953e+000
  1.2972972972972974e+000
  1.2993762993762994e+000
  1.3014553014553014e+000
  1.3035343035343034e+000
  1.3056133056133055e+000
  1.3076923076923077e+000
  1.3097713097713097e+000
  1.3118503118503120e+000
  1.3139293139293140e+000
  1.3160083160083160e+000
  1.3180873180873180e+000
  1.3201663201663201e+000
  1.3222453222453221e+000
  1.3243243243243243e+000
  1.3264033264033264e+000
  1.3284823284823286e+000
  1.3305613305613306e+000
  1.3326403326403327e+000
  1.3347193347193347e+000
  1.3367983367983367e+000
  1.3388773388773387e+000
  1.3409563409563410e+000
  1.3430353430353430e+000
  1.3451143451143452e+000
  1.3471933471933473e+000
  1.3492723492723493e+000
  1.3513513513513513e+000
  1.3534303534303533e+000
  1.3555093555093554e+000
  1.3575883575883576e+000
  1.3596673596673596e+000
  1.3617463617463619e+000
  1.3638253638253639e+000
  1.3659043659043659e+000
  1.3679833679833679e+000
  1.3700623700623700e+000
  1.3721413721413720e+000
  1.3742203742203742e+000
  1.3762993762993763e+000
  1.3783783783783785e+000
  1.3804573804573805e+000
  1.3825363825363826e+000
  1.3846153846153846e+000
  1.3866943866943866e+000
  1.3887733887733886e+000
  1.3908523908523909e+000
  1.3929313929313929e+000
  1.3950103950103951e+000
  1.3970893970893972e+000
  1.3991683991683992e+000
  1.4012474012474012e+000
  1.4033264033264032e+000
  1.4054054054054053e+000
  1.4074844074844075e+000
  1.4095634095634095e+000
  1.4116424116424118e+000
  1.4137214137214138e+000
  1.4158004158004158e+000
  1.4178794178794178e+000
  1.4199584199584199e+000
  1.4220374220374219e+000
  1.4241164241164241e+000
  1.4261954261954262e+000
  1.4282744282744284e+000
  1.4303534303534304e+000
  1.4324324324324325e+000
  1.4345114345114345e+000
  1.4365904365904365e+000
  1.4386694386694385e+000
  1.4407484407484408e+000
  1.4428274428274428e+000
  1.4449064449064450e+000
  1.4469854469854471e+000
  1.4490644490644491e+000
  1.4511434511434511e+000
  1.4532224532224531e+000
  1.4553014553014552e+000
  1.4573804573804574e+000
  1.4594594594594594e+000
  1.4615384615384617e+000
  1.4636174636174637e+000
  1.4656964656964657e+000
  1.4677754677754677e+000
  1.4698544698544698e+000
  1.4719334719334718e+000
  1.4740124740124740e+000
  1.4760914760914761e+000
  1.4781704781704783e+000
  1.4802494802494803e+000
  1.4823284823284824e+000
  1.4844074844074844e+000
  1.4864864864864864e+000
  1.4885654885654884e+000
  1.4906444906444907e+000
  1.4927234927234927e+000
  1.4948024948024949e+000
  1.4968814968814970e+000
  1.4989604989604990e+000
  1.5010395010395010e+000
  1.5031185031185030e+000
  1.5051975051975051e+000
  1.5072765072765073e+000
  1.5093555093555093e+000
  1.5114345114345114e+000
  1.5135135135135136e+000
  1.5155925155925156e+000
  1.5176715176715176e+000
  1.5197505197505197e+000
  1.5218295218295217e+000
  1.5239085239085239e+000
  1.5259875259875260e+000
  1.5280665280665280e+000
  1.5301455301455302e+000
  1.5322245322245323e+000
  1.5343035343035343e+000
  1.5363825363825363e+000
  1.5384615384615383e+000
  1.5405405405405406e+000
  1.5426195426195426e+000
  1.5446985446985446e+000
  1.5467775467775469e+000
  1.5488565488565489e+000
  1.5509355509355509e+000
  1.5530145530145529e+000
  1.5550935550935550e+000
  1.5571725571725572e+000
  1.5592515592515592e+000
  1.5613305613305613e+000
  1.5634095634095635e+000
  1.5654885654885655e+000
  1.5675675675675675e+000
  1.5696465696465696e+000
  1.5717255717255716e+000
  1.5738045738045738e+000
  1.5758835758835759e+000
  1.5779625779625779e+000
  1.5800415800415801e+000
  1.5821205821205822e+000
  1.5841995841995842e+000
  1.5862785862785862e+000
  1.5883575883575882e+000
  1.5904365904365905e+000
  1.5925155925155925e+000
  1.5945945945945945e+000
  1.5966735966735968e+000
  1.5987525987525988e+000
  1.6008316008316008e+000
  1.6029106029106028e+000
  1.6049896049896049e+000
  1.6070686070686071e+000
  1.6091476091476091e+000
  1.6112266112266111e+000
  1.6133056133056134e+000
  1.6153846153846154e+000
  1.6174636174636174e+000
  1.6195426195426195e+000
  1.6216216216216215e+000
  1.6237006237006237e+000
  1.6257796257796258e+000
  1.6278586278586278e+000
  1.6299376299376300e+000
  1.6320166320166321e+000
  1.6340956340956341e+000
  1.6361746361746361e+000
  1.6382536382536381e+000
  1.6403326403326404e+000
  1.6424116424116424e+000
  1.6444906444906444e+000
  1.6465696465696467e+000
  1.6486486486486487e+000
  1.6507276507276507e+000
  1.6528066528066527e+000
  1.6548856548856548e+000
  1.6569646569646570e+000
  1.6590436590436590e+000
  1.6611226611226610e+000
  1.6632016632016633e+000
  1.6652806652806653e+000
  1.6673596673596673e+000
  1.6694386694386694e+000
  1.6715176715176714e+000
  1.6735966735966736e+000
  1.6756756756756757e+000
  1.6777546777546777e+000
  1.6798336798336799e+000
  1.6819126819126820e+000
  1.6839916839916840e+000
  1.6860706860706860e+000
  1.6881496881496880e+000
  1.6902286902286903e+000
  1.6923076923076923e+000
  1.6943866943866943e+000
  1.6964656964656966e+000
  1.6985446985446986e+000
  1.7006237006237006e+000
  1.7027027027027026e+000
  1.7047817047817047e+000
  1.7068607068607069e+000
  1.7089397089397089e+000
  1.7110187110187109e+000
  1.7130977130977132e+000
  1.7151767151767152e+000
  1.7172557172557172e+000
  1.7193347193347193e+000
  1.7214137214137213e+000
  1.7234927234927235e+000
  1.7255717255717256e+000
  1.7276507276507276e+000
  1.7297297297297298e+000
  1.7318087318087318e+000
  1.7338877338877339e+000
  1.7359667359667359e+000
  1.7380457380457379e+000
  1.7401247401247402e+000
  1.7422037422037422e+000
  1.7442827442827442e+000
  1.7463617463617465e+000
  1.7484407484407485e+000
  1.7505197505197505e+000
  1.7525987525987525e+000
  1.7546777546777546e+000
  1.7567567567567568e+000
  1.7588357588357588e+000
  1.7609147609147608e+000
  1.7629937629937631e+000
  1.7650727650727651e+000
  1.7671517671517671e+000
  1.7692307692307692e+000
  1.7713097713097712e+000
  1.7733887733887734e+000
  1.7754677754677755e+000
  1.7775467775467775e+000
  1.7796257796257797e+000
  1.7817047817047817e+000
  1.7837837837837838e+000
  1.7858627858627858e+000
  1.7879417879417878e+000
  1.7900207900207901e+000
  1.7920997920997921e+000
  1.7941787941787941e+000
  1.7962577962577964e+000
  1.7983367983367984e+000
  1.8004158004158004e+000
  1.8024948024948024e+000
  1.8045738045738045e+000
  1.8066528066528067e+000
  1.8087318087318087e+000
  1.8108108108108107e+000
  1.8128898128898130e+000
  1.8149688149688150e+000
  1.8170478170478170e+000
  1.8191268191268191e+000
  1.8212058212058211e+000
  1.8232848232848233e+000
  1.8253638253638254e+000
  1.8274428274428274e+000
  1.8295218295218296e+000
  1.8316008316008316e+000
  1.8336798336798337e+000
  1.8357588357588357e+000
  1.8378378378378377e+000
  1.8399168399168400e+000
  1.8419958419958420e+000
  1.8440748440748440e+000
  1.8461538461538463e+000
  1.8482328482328483e+000
  1.8503118503118503e+000
  1.8523908523908523e+000
  1.8544698544698544e+000
  1.8565488565488566e+000
  1.8586278586278586e+000
  1.8607068607068606e+000
  1.8627858627858629e+000
  1.8648648648648649e+000
  1.8669438669438669e+000
  1.8690228690228690e+000
  1.8711018711018710e+000
  1.8731808731808732e+000
  1.8752598752598753e+000
  1.8773388773388773e+000
  1.8794178794178795e+000
  1.8814968814968815e+000
  1.8835758835758836e+000
  1.8856548856548856e+000
  1.8877338877338876e+000
  1.8898128898128899e+000
  1.8918918918918919e+000
  1.8939708939708939e+000
  1.8960498960498962e+000
  1.8981288981288982e+000
  1.9002079002079002e+000
  1.9022869022869022e+000
  1.9043659043659042e+000
  1.9064449064449065e+000
  1.9085239085239085e+000
  1.9106029106029105e+000
  1.9126819126819128e+000
  1.9147609147609148e+000
  1.9168399168399168e+000
  1.9189189189189189e+000
  1.9209979209979209e+000
  1.9230769230769231e+000
  1.9251559251559252e+000
  1.9272349272349272e+000
  1.9293139293139294e+000
  1.9313929313929314e+000
  1.9334719334719335e+000
  1.9355509355509355e+000
  1.9376299376299375e+000
  1.9397089397089398e+000
  1.9417879417879418e+000
  1.9438669438669438e+000
  1.9459459459459461e+000
  1.9480249480249481e+000
  1.9501039501039501e+000
  1.9521829521829521e+000
  1.9542619542619541e+000
  1.9563409563409564e+000
  1.9584199584199584e+000
  1.9604989604989604e+000
  1.9625779625779627e+000
  1.9646569646569647e+000
  1.9667359667359667e+000
  1.9688149688149688e+000
  1.9708939708939708e+000
  1.9729729729729730e+000
  1.9750519750519751e+000
  1.9771309771309771e+000
  1.9792099792099793e+000
  1.9812889812889813e+000
  1.9833679833679834e+000
  1.9854469854469854e+000
  1.9875259875259874e+000
  1.9896049896049897e+000
  1.9916839916839917e+000
  1.9937629937629937e+000
  1.9958419958419960e+000
  1.9979209979209980e+000
  2.0000000000000000e+000
  2.0050251256281406e+000
  2.0100502512562812e+000
  2.0150753768844218e+000
  2.0201005025125629e+000
  2.0251256281407035e+000
  2.0301507537688441e+000
  2.0351758793969852e+000
  2.0402010050251258e+000
  2.0452261306532664e+000
  2.0502512562814070e+000
  2.0552763819095476e+000
  2.0603015075376883e+000
  2.0653266331658289e+000
  2.0703517587939699e+000
  2.0753768844221105e+000
  2.0804020100502512e+000
  2.0854271356783922e+000
  2.0904522613065328e+000
  2.0954773869346734e+000
  2.1005025125628141e+000
  2.1055276381909547e+000
  2.1105527638190953e+000
  2.1155778894472359e+000
  2.1206030150753770e+000
  2.1256281407035176e+000
  2.1306532663316582e+000
  2.1356783919597992e+000
  2.1407035175879399e+000
  2.1457286432160805e+000
  2.1507537688442211e+000
  2.1557788944723617e+000
  2.1608040201005023e+000
  2.1658291457286434e+000
  2.1708542713567840e+000
  2.1758793969849246e+000
  2.1809045226130652e+000
  2.1859296482412063e+000
  2.1909547738693469e+000
  2.1959798994974875e+000
  2.2010050251256281e+000
  2.2060301507537687e+000
  2.2110552763819094e+000
  2.2160804020100504e+000
  2.2211055276381910e+000
  2.2261306532663316e+000
  2.2311557788944723e+000
  2.2361809045226133e+000
  2.2412060301507539e+000
  2.2462311557788945e+000
  2.2512562814070352e+000
  2.2562814070351758e+000
  2.2613065326633164e+000
  2.2663316582914574e+000
  2.2713567839195981e+000
  2.2763819095477387e+000
  2.2814070351758793e+000
  2.2864321608040203e+000
  2.2914572864321610e+000
  2.2964824120603016e+000
  2.3015075376884422e+000
  2.3065326633165828e+000
  2.3115577889447234e+000
  2.3165829145728645e+000
  2.3216080402010051e+000
  2.3266331658291457e+000
  2.3316582914572863e+000
  2.3366834170854274e+000
  2.3417085427135680e+000
  2.3467336683417086e+000
  2.3517587939698492e+000
  2.3567839195979898e+000
  2.3618090452261304e+000
  2.3668341708542715e+000
  2.3718592964824121e+000
  2.3768844221105527e+000
  2.3819095477386933e+000
  2.3869346733668344e+000
  2.3919597989949750e+000
  2.3969849246231156e+000
  2.4020100502512562e+000
  2.4070351758793969e+000
  2.4120603015075375e+000
  2.4170854271356785e+000
  2.4221105527638191e+000
  2.4271356783919598e+000
  2.4321608040201004e+000
  2.4371859296482414e+000
  2.4422110552763820e+000
  2.4472361809045227e+000
  2.4522613065326633e+000
  2.4572864321608039e+000
  2.4623115577889445e+000
  2.4673366834170856e+000
  2.4723618090452262e+000
  2.4773869346733668e+000
  2.4824120603015074e+000
  2.4874371859296485e+000
  2.4924623115577891e+000
  2.4974874371859297e+000
  2.5025125628140703e+000
  2.5075376884422109e+000
  2.5125628140703515e+000
  2.5175879396984926e+000
  2.5226130653266332e+000
  2.5276381909547738e+000
  2.5326633165829144e+000
  2.5376884422110555e+000
  2.5427135678391961e+000
  2.5477386934673367e+000
  2.5527638190954773e+000
  2.5577889447236180e+000
  2.5628140703517586e+000
  2.5678391959798996e+000
  2.5728643216080402e+000
  2.5778894472361809e+000
  2.5829145728643215e+000
  2.5879396984924625e+000
  2.5929648241206031e+000
  2.5979899497487438e+000
  2.6030150753768844e+000
  2.6080402010050250e+000
  2.6130653266331656e+000
  2.6180904522613067e+000
  2.6231155778894473e+000
  2.6281407035175879e+000
  2.6331658291457285e+000
  2.6381909547738696e+000
  2.6432160804020102e+000
  2.6482412060301508e+000
  2.6532663316582914e+000
  2.6582914572864320e+000
  2.6633165829145726e+000
  2.6683417085427137e+000
  2.6733668341708543e+000
  2.6783919597989949e+000
  2.6834170854271355e+000
  2.6884422110552766e+000
  2.6934673366834172e+000
  2.6984924623115578e+000
  2.7035175879396984e+000
  2.7085427135678390e+000
  2.7135678391959797e+000
  2.7185929648241207e+000
  2.7236180904522613e+000
  2.7286432160804019e+000
  2.7336683417085426e+000
  2.7386934673366836e+000
  2.7437185929648242e+000
  2.7487437185929648e+000
  2.7537688442211055e+000
  2.7587939698492461e+000
  2.7638190954773871e+000
  2.7688442211055277e+000
  2.7738693467336684e+000
  2.7788944723618090e+000
  2.7839195979899496e+000
  2.7889447236180906e+000
  2.7939698492462313e+000
  2.7989949748743719e+000
  2.8040201005025125e+000
  2.8090452261306531e+000
  2.8140703517587942e+000
  2.8190954773869348e+000
  2.8241206030150754e+000
  2.8291457286432160e+000
  2.8341708542713566e+000
  2.8391959798994977e+000
  2.8442211055276383e+000
  2.8492462311557789e+000
  2.8542713567839195e+000
  2.8592964824120601e+000
  2.8643216080402012e+000
  2.8693467336683418e+000
  2.8743718592964824e+000
  2.8793969849246230e+000
  2.8844221105527637e+000
  2.8894472361809047e+000
  2.8944723618090453e+000
  2.8994974874371859e+000
  2.9045226130653266e+000
  2.9095477386934672e+000
  2.9145728643216082e+000
  2.9195979899497488e+000
  2.9246231155778895e+000
  2.9296482412060301e+000
  2.9346733668341707e+000
  2.9396984924623117e+000
  2.9447236180904524e+000
  2.9497487437185930e+000
  2.9547738693467336e+000
  2.9597989949748742e+000
  2.9648241206030153e+000
  2.9698492462311559e+000
  2.9748743718592965e+000
  2.9798994974874371e+000
  2.9849246231155777e+000
  2.9899497487437188e+000
  2.9949748743718594e+000
  3.0000000000000000e+000
  3.0096153846153846e+000
  3.0192307692307692e+000
  3.0288461538461537e+000
  3.0384615384615383e+000
  3.0480769230769234e+000
  3.0576923076923075e+000
  3.0673076923076925e+000
  3.0769230769230766e+000
  3.0865384615384617e+000
  3.0961538461538463e+000
  3.1057692307692308e+000
  3.1153846153846154e+000
  3.1250000000000000e+000
  3.1346153846153846e+000
  3.1442307692307692e+000
  3.1538461538461537e+000
  3.1634615384615383e+000
  3.1730769230769234e+000
  3.1826923076923075e+000
  3.1923076923076925e+000
  3.2019230769230766e+000
  3.2115384615384617e+000
  3.2211538461538463e+000
  3.2307692307692308e+000
  3.2403846153846154e+000
  3.2500000000000000e+000
  3.2596153846153846e+000
  3.2692307692307692e+000
  3.2788461538461537e+000
  3.2884615384615383e+000
  3.2980769230769234e+000
  3.3076923076923075e+000
  3.3173076923076925e+000
  3.3269230769230766e+000
  3.3365384615384617e+000
  3.3461538461538463e+000
  3.3557692307692308e+000
  3.3653846153846154e+000
  3.3750000000000000e+000
  3.3846153846153846e+000
  3.3942307692307692e+000
  3.4038461538461537e+000
  3.4134615384615383e+000
  3.4230769230769234e+000
  3.4326923076923075e+000
  3.4423076923076925e+000
  3.4519230769230766e+000
  3.4615384615384617e+000
  3.4711538461538463e+000
  3.4807692307692308e+000
  3.4903846153846154e+000
  3.5000000000000000e+000
  3.5096153846153846e+000
  3.5192307692307692e+000
  3.5288461538461537e+000
  3.5384615384615383e+000
  3.5480769230769229e+000
  3.5576923076923075e+000
  3.5673076923076925e+000
  3.5769230769230771e+000
  3.5865384615384617e+000
  3.5961538461538463e+000
  3.6057692307692308e+000
  3.6153846153846154e+000
  3.6250000000000000e+000
  3.6346153846153846e+000
  3.6442307692307692e+000
  3.6538461538461537e+000
  3.6634615384615383e+000
  3.6730769230769229e+000
  3.6826923076923075e+000
  3.6923076923076925e+000
  3.7019230769230771e+000
  3.7115384615384617e+000
  3.7211538461538463e+000
  3.7307692307692308e+000
  3.7403846153846154e+000
  3.7500000000000000e+000
  3.7596153846153846e+000
  3.7692307692307692e+000
  3.7788461538461537e+000
  3.7884615384615383e+000
  3.7980769230769229e+000
  3.8076923076923075e+000
  3.8173076923076925e+000
  3.8269230769230771e+000
  3.8365384615384617e+000
  3.8461538461538463e+000
  3.8557692307692308e+000
  3.8653846153846154e+000
  3.8750000000000000e+000
  3.8846153846153846e+000
  3.8942307692307692e+000
  3.9038461538461537e+000
  3.9134615384615383e+000
  3.9230769230769229e+000
  3.9326923076923075e+000
  3.9423076923076925e+000
  3.9519230769230771e+000
  3.9615384615384617e+000
  3.9711538461538463e+000
  3.9807692307692308e+000
  3.9903846153846154e+000
  4.0000000000000000e+000
  4.0188679245283021e+000
  4.0377358490566042e+000
  4.0566037735849054e+000
  4.0754716981132075e+000
  4.0943396226415096e+000
  4.1132075471698109e+000
  4.1320754716981130e+000
  4.1509433962264151e+000
  4.1698113207547172e+000
  4.1886792452830193e+000
  4.2075471698113205e+000
  4.2264150943396226e+000
  4.2452830188679247e+000
  4.2641509433962268e+000
  4.2830188679245280e+000
  4.3018867924528301e+000
  4.3207547169811322e+000
  4.3396226415094343e+000
  4.3584905660377355e+000
  4.3773584905660377e+000
  4.3962264150943398e+000
  4.4150943396226419e+000
  4.4339622641509431e+000
  4.4528301886792452e+000
  4.4716981132075473e+000
  4.4905660377358494e+000
  4.5094339622641506e+000
  4.5283018867924527e+000
  4.5471698113207548e+000
  4.5660377358490569e+000
  4.5849056603773581e+000
  4.6037735849056602e+000
  4.6226415094339623e+000
  4.6415094339622645e+000
  4.6603773584905657e+000
  4.6792452830188678e+000
  4.6981132075471699e+000
  4.7169811320754720e+000
  4.7358490566037732e+000
  4.7547169811320753e+000
  4.7735849056603774e+000
  4.7924528301886795e+000
  4.8113207547169807e+000
  4.8301886792452828e+000
  4.8490566037735849e+000
  4.8679245283018870e+000
  4.8867924528301883e+000
  4.9056603773584904e+000
  4.9245283018867925e+000
  4.9433962264150946e+000
  4.9622641509433958e+000
  4.9811320754716979e+000
  5.0000000000000000e+000
  5.0357142857142856e+000
  5.0714285714285712e+000
  5.1071428571428568e+000
  5.1428571428571432e+000
  5.1785714285714288e+000
  5.2142857142857144e+000
  5.2500000000000000e+000
  5.2857142857142856e+000
  5.3214285714285712e+000
  5.3571428571428568e+000
  5.3928571428571432e+000
  5.4285714285714288e+000
  5.4642857142857144e+000
  5.5000000000000000e+000
  5.5357142857142856e+000
  5.5714285714285712e+000
  5.6071428571428568e+000
  5.6428571428571432e+000
  5.6785714285714288e+000
  5.7142857142857144e+000
  5.7500000000000000e+000
  5.7857142857142856e+000
  5.8214285714285712e+000
  5.8571428571428568e+000
  5.8928571428571432e+000
  5.9285714285714288e+000
  5.9642857142857144e+000
  6.0000000000000000e+000
  6.0499999999999998e+000
  6.0999999999999996e+000
  6.1500000000000004e+000
  6.2000000000000002e+000
  6.2500000000000000e+000
  6.2999999999999998e+000
  6.3499999999999996e+000
  6.4000000000000004e+000
  6.4500000000000002e+000
  6.5000000000000000e+000
  6.5499999999999998e+000
  6.5999999999999996e+000
  6.6500000000000004e+000
  6.7000000000000002e+000
  6.7500000000000000e+000
  6.7999999999999998e+000
  6.8499999999999996e+000
  6.9000000000000004e+000
  6.9500000000000002e+000
  7.0000000000000000e+000
  7.0833333333333330e+000
  7.1666666666666670e+000
  7.2500000000000000e+000
  7.3333333333333330e+000
  7.4166666666666670e+000
  7.5000000000000000e+000
  7.5833333333333330e+000
  7.6666666666666670e+000
  7.7500000000000000e+000
  7.8333333333333330e+000
  7.9166666666666670e+000
  8.0000000000000000e+000
  8.0909090909090917e+000
  8.1818181818181817e+000
  8.2727272727272734e+000
  8.3636363636363633e+000
  8.4545454545454550e+000
  8.5454545454545450e+000
  8.6363636363636367e+000
  8.7272727272727266e+000
  8.8181818181818183e+000
  8.9090909090909083e+000
  9.0000000000000000e+000
  9.1250000000000000e+000
  9.2500000000000000e+000
  9.3750000000000000e+000
  9.5000000000000000e+000
  9.6250000000000000e+000
  9.7500000000000000e+000
  9.8750000000000000e+000
  1.0000000000000000e+001
  1.1000000000000000e+001
  1.1333333333333334e+001
  1.1666666666666666e+001
  1.2000000000000000e+001
  1.3000000000000000e+001
  1.5333333333333334e+001
  1.7666666666666668e+001
  2.0000000000000000e+001
